上櫃股票每日收盤行情(不含定價)
產業類別:所有證券(不含權證、牛熊證)
資料日期:114/04/24
代號,名稱,收盤 ,漲跌,開盤 ,最高 ,最低,成交股數  , 成交金額(元), 成交筆數 ,最後買價,最後買量(張數),最後賣價,最後賣量(張數),發行股數 ,次日漲停價 ,次日跌停價
"00679B","元大美債20年","28.21","+0.03","28.22","28.23","28.18","23,734,000","669,438,300","3,416","28.20","2,605","28.21","46","9,101,692,000","9,999.95","0.01"
"00687B","國泰20年美債","29.27","+0.03","29.29","29.30","29.24","21,721,000","635,841,750","2,690","29.27","2,500","29.28","467","7,292,150,055","9,999.95","0.01"
"00687C","國泰20年美債+櫃U","9.11","0.00","9.11","9.11","9.11","51,900","472,809","12","9.11","102","9.12","127","213,687","9,999.95","0.01"
"00694B","富邦美債1-3","42.42","+0.06","42.41","42.44","42.40","541,000","22,948,400","95","42.40","101","42.42","5","175,076,000","9,999.95","0.01"
"00695B","富邦美債7-10","35.79","+0.05","35.82","35.82","35.79","389,000","13,930,170","39","35.79","88","35.80","3","41,686,000","9,999.95","0.01"
"00696B","富邦美債20年","30.25","+0.03","30.24","30.28","30.22","3,753,000","113,561,970","148","30.25","395","30.26","28","929,181,000","9,999.95","0.01"
"00697B","元大美債7-10","36.52","+0.06","36.48","36.54","36.48","307,000","11,208,720","78","36.52","8","36.53","46","59,212,000","9,999.95","0.01"
"00718B","富邦中國政策債","21.03","+0.01","21.04","21.05","21.03","103,000","2,167,120","5","21.01","1","21.05","19","6,501,000","9,999.95","0.01"
"00719B","元大美債1-3","31.93","0.00","32.00","32.00","31.92","2,598,000","82,980,090","399","31.93","46","31.94","88","467,514,000","9,999.95","0.01"
"00720B","元大投資級公司債","33.29","+0.12","33.32","33.34","33.27","7,091,000","236,126,550","1,008","33.28","851","33.29","597","4,145,609,000","9,999.95","0.01"
"00722B","群益投資級電信債","36.84","+0.06","36.83","36.88","36.83","2,506,000","92,349,700","141","36.84","146","36.85","1","1,493,239,000","9,999.95","0.01"
"00723B","群益投資級科技債","31.93","+0.10","31.92","31.94","31.92","170,000","5,428,400","10","31.92","1","31.93","1","1,505,083,000","9,999.95","0.01"
"00724B","群益投資級金融債","33.55","+0.06","33.57","33.59","33.55","6,931,000","232,613,100","114","33.55","149","33.56","5","2,845,275,000","9,999.95","0.01"
"00725B","國泰投資級公司債","35.27","+0.07","35.33","35.39","35.26","12,400,000","437,804,810","800","35.26","12","35.27","687","3,544,206,000","9,999.95","0.01"
"00726B","國泰新興投等債","32.94","+0.06","33.00","33.05","32.94","217,000","7,157,530","28","32.94","12","32.96","3","1,168,989,000","9,999.95","0.01"
"00727B","國泰優選非投等債","39.90","0.00","40.16","40.16","39.90","222,000","8,876,170","13","39.87","15","39.92","2","88,689,000","9,999.95","0.01"
"00734B","台新JPM新興債","15.35","+0.09","15.36","15.38","15.35","500,000","7,675,530","7","15.33","50","15.34","5","28,979,000","9,999.95","0.01"
"00740B","富邦全球投等債","38.76","+0.09","38.72","38.82","38.72","4,727,000","183,242,350","140","38.76","529","38.77","5","1,657,471,000","9,999.95","0.01"
"00741B","富邦全球非投等債","38.33","+0.15","38.27","38.36","38.27","461,000","17,680,620","16","38.31","25","38.34","4","17,128,000","9,999.95","0.01"
"00746B","富邦A級公司債","35.68","-0.02","35.76","35.78","35.68","1,490,000","53,237,920","112","35.68","253","35.70","14","2,431,964,000","9,999.95","0.01"
"00749B","凱基新興債10+","30.41","+0.06","30.42","30.42","30.41","110,000","3,345,200","4","30.39","1","30.46","5","955,000,000","9,999.95","0.01"
"00750B","凱基科技債10+","33.92","+0.07","33.92","33.92","33.92","100,000","3,392,000","10","33.88","13","33.89","1","147,500,000","9,999.95","0.01"
"00751B","元大AAA至A公司債","32.58","+0.05","32.55","32.62","32.53","5,612,000","182,839,940","695","32.58","705","32.59","46","4,616,603,000","9,999.95","0.01"
"00754B","群益AAA-AA公司債","35.23","+0.10","35.26","35.26","35.23","200,000","7,047,500","8","35.15","15","35.19","2","869,400,000","9,999.95","0.01"
"00755B","群益投資級公用債","33.43","-0.02","33.37","33.46","33.37","178,000","5,951,920","11","33.40","1","33.42","1","213,230,000","9,999.95","0.01"
"00756B","群益投等新興公債","31.08","+0.02","31.17","31.17","31.07","329,000","10,237,900","40","31.06","11","31.08","4","1,272,300,000","9,999.95","0.01"
"00758B","復華能源債","50.75","+0.05","50.75","50.75","50.75","100,000","5,075,000","2","50.65","25","50.95","10","6,025,000","9,999.95","0.01"
"00759B","復華製藥債","55.00","+0.10","55.00","55.00","55.00","100,000","5,500,000","2","54.85","25","54.90","1","48,025,000","9,999.95","0.01"
"00760B","復華新興企業債","53.75","+0.10","53.75","53.75","53.75","11,000","591,250","7","53.75","4","53.90","5","458,520,000","9,999.95","0.01"
"00761B","國泰A級公司債","35.40","+0.07","35.39","35.45","35.39","518,000","18,356,300","33","35.40","134","35.41","5","2,687,089,000","9,999.95","0.01"
"00764B","群益25年美債","29.42","+0.04","29.40","29.44","29.39","8,131,000","239,212,770","162","29.42","183","29.43","48","1,365,000,000","9,999.95","0.01"
"00768B","復華20年美債","54.35","+0.10","54.40","54.40","54.25","882,000","47,904,250","32","54.35","345","54.40","266","466,600,000","9,999.95","0.01"
"00772B","中信高評級公司債","34.23","+0.04","34.20","34.29","34.20","2,286,000","78,251,290","310","34.23","242","34.24","6","3,509,790,000","9,999.95","0.01"
"00773B","中信優先金融債","35.71","+0.05","35.67","35.74","35.67","415,000","14,821,780","78","35.71","288","35.73","17","2,657,290,000","9,999.95","0.01"
"00777B","凱基AAA至A公司債","33.51","+0.07","33.51","33.51","33.51","101,000","3,384,510","5","33.46","10","33.47","1","1,861,650,000","9,999.95","0.01"
"00778B","凱基金融債20+","34.57","+0.12","34.61","34.61","34.57","125,000","4,322,250","8","34.57","1","34.58","1","1,501,150,000","9,999.95","0.01"
"00779B","凱基美債25+","29.69","+0.04","29.63","29.69","29.62","704,000","20,882,190","25","29.68","107","29.69","4","1,164,150,000","9,999.95","0.01"
"00780B","國泰A級金融債","37.91","+0.11","37.90","37.92","37.90","111,000","4,208,970","11","37.91","12","37.92","11","300,602,000","9,999.95","0.01"
"00781B","國泰A級科技債","30.30","+0.10","30.33","30.37","30.30","121,000","3,673,930","9","30.26","10","30.33","31","6,836,000","9,999.95","0.01"
"00782B","國泰A級公用債","31.23","+0.08","31.23","31.26","31.22","166,000","5,186,120","22","31.23","63","31.24","5","18,467,000","9,999.95","0.01"
"00785B","富邦金融投等債","34.68","+0.07","34.77","34.77","34.68","157,000","5,451,010","5","34.68","18","34.70","1","1,023,466,000","9,999.95","0.01"
"00786B","元大10年IG銀行債","32.65","+0.09","32.64","32.73","32.64","6,000","196,000","6","32.63","47","32.64","1","39,566,000","9,999.95","0.01"
"00787B","元大10年IG醫療債","32.70","+0.11","32.68","32.70","32.68","2,000","65,380","2","32.68","74","32.70","1","18,306,000","9,999.95","0.01"
"00788B","元大10年IG電能債","30.20","+0.07","30.16","30.20","30.14","14,000","422,300","14","30.16","30","30.18","1","38,206,000","9,999.95","0.01"
"00789B","復華公司債A3","49.46","-0.04","49.50","49.54","49.46","683,000","33,809,790","49","49.46","8","49.50","1","416,600,000","9,999.95","0.01"
"00791B","復華信用債1-5","57.55","+0.10","57.55","57.55","57.55","100,000","5,755,000","4","57.15","21","57.40","1","253,600,000","9,999.95","0.01"
"00792B","群益A級公司債","32.28","+0.11","32.29","32.29","32.28","151,000","4,874,780","5","32.23","27","32.26","1","1,947,615,000","9,999.95","0.01"
"00793B","群益AAA-A醫療債","31.20","-0.01","31.37","31.42","31.20","71,000","2,218,990","20","31.20","1","31.30","10","4,526,000","9,999.95","0.01"
"00794B","群益7+中國政金債","42.02","-0.08","42.18","42.18","42.02","106,000","4,470,120","5","42.02","3","42.21","5","2,687,000","9,999.95","0.01"
"00795B","中信美國公債20年","28.60","+0.05","28.58","28.61","28.55","7,459,000","213,238,490","754","28.60","775","28.61","193","2,082,598,000","9,999.95","0.01"
"00799B","國泰A級醫療債","31.06","+0.10","31.15","31.17","31.03","248,000","7,706,730","23","31.03","57","31.06","3","10,036,000","9,999.95","0.01"
"00834B","第一金金融債10+","33.79","+0.12","33.80","33.80","33.79","101,000","3,413,790","5","33.79","37","33.82","2","21,698,000","9,999.95","0.01"
"00836B","永豐10年A公司債","29.29","+0.07","29.22","29.30","29.22","135,000","3,952,970","10","29.29","19","29.32","67","390,041,000","9,999.95","0.01"
"00840B","凱基IG精選15+","30.61","+0.05","30.61","30.61","30.61","100,000","3,061,000","4","30.57","10","30.59","1","59,431,000","9,999.95","0.01"
"00841B","凱基AAA-AA公司債","30.39","+0.07","30.41","30.41","30.39","100,000","3,040,000","4","30.36","14","30.39","1","70,440,000","9,999.95","0.01"
"00842B","台新美元銀行債","31.47","+0.12","31.47","31.47","31.47","100,000","3,147,000","2","31.37","25","31.47","1","9,767,000","9,999.95","0.01"
"00844B","新光15年IG金融債","31.63","+0.07","31.63","31.63","31.63","25,000","790,750","4","31.57","25","31.60","1","228,675,000","9,999.95","0.01"
"00845B","富邦新興投等債","33.23","+0.05","33.26","33.26","33.23","127,000","4,221,020","7","33.17","25","33.20","1","250,551,000","9,999.95","0.01"
"00846B","富邦歐洲銀行債","36.27","+0.15","36.20","36.27","36.19","181,000","6,562,600","16","36.28","1","36.29","25","74,350,000","9,999.95","0.01"
"00847B","中信美國市政債","26.52","-0.01","26.56","26.56","26.48","311,000","8,255,430","9","26.50","30","26.56","20","9,305,000","9,999.95","0.01"
"00848B","中信新興亞洲債","34.22","+0.14","34.22","34.26","34.21","349,000","11,949,540","8","34.19","5","34.21","3","136,566,000","9,999.95","0.01"
"00849B","中信EM主權債0-5","38.05","+0.04","37.98","38.08","37.98","302,000","11,494,040","9","38.01","15","38.04","3","484,606,000","9,999.95","0.01"
"00853B","統一美債10年Aa-A","28.18","+0.08","28.15","28.18","28.15","1,070,000","30,144,070","46","28.18","48","28.19","3","108,134,000","9,999.95","0.01"
"00856B","永豐1-3年美公債","39.16","+0.05","39.11","39.16","39.11","15,000","587,050","7","39.15","20","39.18","14","7,792,000","9,999.95","0.01"
"00857B","永豐20年美公債","24.36","+0.03","24.32","24.37","24.31","1,163,000","28,320,250","243","24.35","409","24.36","78","689,268,000","9,999.95","0.01"
"00858","永豐美國500大","28.72","+0.04","28.87","28.92","28.68","366,000","10,533,810","160","28.71","4","28.72","5","107,874,000","9,999.95","0.01"
"00859B","群益0-1年美債","42.87","+0.11","42.81","42.88","42.81","157,000","6,730,710","7","42.82","1","42.87","10","4,511,000","9,999.95","0.01"
"00860B","群益1-5Y投資級債","39.30","+0.10","39.32","39.32","39.30","150,000","5,896,000","4","39.23","5","39.32","1","4,171,000","9,999.95","0.01"
"00862B","中信投資級公司債","31.86","+0.11","31.88","31.88","31.86","453,000","14,435,850","34","31.86","55","31.87","4","800,381,000","9,999.95","0.01"
"00863B","中信全球電信債","32.82","+0.04","32.88","32.88","32.82","302,000","9,925,680","8","32.82","36","32.84","3","553,964,000","9,999.95","0.01"
"00864B","中信美國公債0-1","47.68","+0.14","47.55","47.76","47.55","2,005,000","95,540,680","181","47.67","5","47.68","19","167,222,000","9,999.95","0.01"
"00867B","新光A-BBB電信債","32.13","+0.06","32.16","32.19","32.13","203,000","6,534,450","4","32.13","24","32.16","2","504,650,000","9,999.95","0.01"
"00870B","元大15年EM主權債","28.15","+0.10","28.06","28.15","28.06","2,000","56,210","2","28.14","10","28.18","1","623,651,000","9,999.95","0.01"
"00877","復華中國5G","11.08","-0.19","11.27","11.27","11.05","914,000","10,167,310","150","11.07","16","11.08","11","216,288,000","9,999.95","0.01"
"00883B","中信ESG投資級債","31.04","+0.21","31.00","31.07","31.00","348,000","10,804,660","13","31.02","57","31.07","71","10,758,000","9,999.95","0.01"
"00884B","中信低碳新興債","29.05","+0.22","29.02","29.06","29.02","319,000","9,269,920","10","29.05","12","29.10","15","75,940,000","9,999.95","0.01"
"00886","永豐美國科技","31.04","+0.08","31.18","31.18","31.04","7,000","217,700","4","31.02","66","31.04","2","7,451,000","9,999.95","0.01"
"00887","永豐中國科技50大","7.97","-0.10","8.08","8.08","7.95","7,232,000","57,939,740","1,320","7.97","50","7.98","213","555,851,000","9,999.95","0.01"
"00888","永豐台灣ESG","13.92","-0.12","14.08","14.08","13.92","1,439,000","20,207,540","148","13.93","19","13.94","2","345,978,000","15.31","12.53"
"00890B","凱基ESG BBB債15+","32.51","+0.09","32.52","32.53","32.50","508,000","16,515,140","13","32.49","24","32.50","6","21,764,000","9,999.95","0.01"
"00928","中信上櫃ESG 30","13.40","+0.15","13.38","13.46","13.27","378,000","5,062,840","82","13.40","21","13.41","10","46,856,000","14.74","12.06"
"00931B","統一美債20年","14.06","+0.02","14.04","14.07","14.03","2,632,000","36,994,070","346","14.06","1,262","14.07","197","2,170,898,000","9,999.95","0.01"
"00933B","國泰10Y+金融債","16.10","+0.03","16.08","16.12","16.06","5,141,000","82,763,790","704","16.09","1,269","16.10","371","4,844,458,000","9,999.95","0.01"
"00937B","群益ESG投等債20+","14.99","+0.04","15.00","15.02","14.98","46,204,000","692,854,700","4,556","14.98","6,765","14.99","1,833","16,013,805,000","9,999.95","0.01"
"00942B","台新美A公司債20+","14.58","+0.03","14.57","14.61","14.57","1,264,000","18,441,210","101","14.58","316","14.59","13","844,459,000","9,999.95","0.01"
"00948B","中信優息投資級債","9.46","+0.03","9.47","9.48","9.46","6,190,000","58,611,100","394","9.46","4,833","9.47","516","2,884,427,000","9,999.95","0.01"
"00950B","凱基A級公司債","14.37","+0.02","14.35","14.39","14.35","5,151,000","74,008,570","472","14.36","1,515","14.37","1,312","1,825,809,000","9,999.95","0.01"
"00955","中信日本商社","10.03","+0.02","10.05","10.13","10.02","4,431,000","44,642,770","838","10.02","244","10.03","20","116,431,000","9,999.95","0.01"
"00957B","兆豐US優選投等債","13.80","+0.02","13.79","13.82","13.79","1,174,000","16,202,010","36","13.80","997","13.81","4","206,263,000","9,999.95","0.01"
"00958B","永豐ESG銀行債15+","9.18","+0.05","9.17","9.20","9.17","494,000","4,536,500","41","9.18","721","9.19","30","223,771,000","9,999.95","0.01"
"00959B","大華投等美債15Y+","9.43","+0.05","9.41","9.43","9.41","1,618,000","15,240,420","182","9.43","7","9.44","508","637,336,000","9,999.95","0.01"
"00966B","統一ESG投等債15+","14.06","+0.05","14.06","14.08","14.06","1,832,000","25,767,020","57","14.06","1,601","14.07","108","189,732,000","9,999.95","0.01"
"00967B","元大優息美債","9.52","+0.01","9.54","9.54","9.52","1,623,000","15,464,480","83","9.52","1,270","9.54","1,101","238,407,000","9,999.95","0.01"
"00968B","元大優息投等債","9.33","+0.03","9.31","9.33","9.31","1,877,000","17,499,310","153","9.32","1,033","9.33","87","695,511,000","9,999.95","0.01"
"00969B","元大零息超長美債","8.72","+0.02","8.69","8.73","8.69","1,377,000","12,006,220","77","8.72","57","8.73","26","233,133,000","9,999.95","0.01"
"00970B","新光BBB投等債20+","9.46","+0.03","9.45","9.47","9.45","2,801,000","26,479,940","402","9.46","5","9.47","1,882","375,729,000","9,999.95","0.01"
"00980B","台新特選IG債10+","9.59","+0.05","9.57","9.61","9.57","1,352,000","12,971,820","111","9.59","681","9.60","13","78,069,000","9,999.95","0.01"
"00981B","第一金優選非投債","9.62","+0.02","9.63","9.65","9.61","6,519,000","62,734,060","120","9.62","208","9.63","111","112,613,000","9,999.95","0.01"
"1240","茂生農經","57.40","-0.10","57.60","57.60","57.40","12,000","690,700","12","57.10","1","57.60","1","41,338,666","63.10","51.70"
"1259","安心","----","---","----","----","----","0","0","0","58.60","1","59.30","1","32,389,500","65.20","53.40"
"1264","德麥","300.00","+0.50","299.00","300.00","299.00","4,000","1,198,000","4","298.50","1","299.50","1","37,064,367","330.00","270.00"
"1268","漢來美食","141.00","+2.00","142.00","142.00","140.50","5,000","706,000","5","140.00","2","140.50","1","42,223,730","155.00","127.00"
"1294","漢田生技","85.70","+0.20","85.90","85.90","84.00","25,000","2,131,000","21","84.00","1","85.60","1","27,623,263","94.20","77.20"
"1336","台翰","19.70","+0.05","19.90","19.95","19.60","167,000","3,296,900","103","19.65","19","19.70","1","78,286,419","21.65","17.75"
"1565","精華","167.50","-1.00","169.00","170.50","167.00","149,000","25,070,000","126","167.50","10","168.00","1","50,416,516","184.00","151.00"
"1569","濱川","44.10","-1.40","46.05","47.40","44.10","7,321,000","334,326,000","4,290","44.10","46","44.35","2","121,447,441","48.50","39.70"
"1570","力肯","22.85","-0.25","22.90","23.15","22.85","51,000","1,171,250","44","22.80","7","22.85","1","51,500,839","25.10","20.60"
"1580","新麥","142.00","+2.00","140.50","142.00","140.50","52,000","7,363,500","46","141.50","4","142.00","5","50,230,242","156.00","128.00"
"1584","精剛","28.55","-0.55","29.25","29.45","28.35","2,648,000","76,173,000","1,494","28.55","46","28.60","2","232,470,533","31.40","25.70"
"1586","和勤","27.40","+0.10","27.45","27.70","27.15","42,000","1,153,950","38","27.40","3","27.45","4","106,849,467","30.10","24.70"
"1591","駿吉-KY","39.70","+0.15","39.80","40.70","39.30","90,000","3,595,800","75","39.60","3","39.80","2","38,048,047","43.65","35.75"
"1593","祺驊","29.00","+0.40","28.90","29.50","28.90","13,000","379,650","13","29.00","1","29.20","1","39,784,772","31.90","26.10"
"1595","川寶","33.55","0.00","34.20","34.20","32.80","84,000","2,797,200","63","33.25","1","33.60","4","54,099,230","36.90","30.20"
"1599","宏佳騰","28.25","+0.15","27.75","28.25","27.75","9,000","250,600","8","27.85","2","28.15","1","74,528,764","31.05","25.45"
"1742","台蠟","16.40","-0.10","16.55","16.75","16.40","19,000","313,400","13","16.30","1","16.60","1","93,559,300","18.00","14.80"
"1777","生泰","88.60","-0.40","87.70","89.40","87.70","29,000","2,574,200","28","88.60","1","88.80","1","44,591,713","97.40","79.80"
"1781","合世","12.65","-0.25","12.65","12.65","12.65","15,000","189,750","12","12.65","10","12.75","1","47,407,605","13.90","11.40"
"1784","訊聯","68.90","+0.20","69.70","70.30","68.60","131,000","9,087,000","108","68.90","6","69.20","4","53,121,191","75.70","62.10"
"1785","光洋科","52.50","+0.50","52.50","54.00","52.00","17,093,000","905,386,300","8,874","52.50","10","52.60","26","596,156,243","57.70","47.25"
"1788","杏昌","141.50","-0.50","142.50","142.50","141.50","19,000","2,699,500","12","141.50","4","142.00","1","44,520,971","155.50","127.50"
"1796","金穎生技","46.15","+0.15","46.95","46.95","45.90","4,000","185,900","4","45.80","1","46.50","1","41,459,793","50.70","41.55"
"1799","易威","56.50","0.00","56.50","57.00","55.80","113,000","6,368,500","76","56.00","3","56.50","6","121,790,775","62.10","50.90"
"1813","寶利徠","14.55","+0.10","14.55","14.55","14.55","2,000","29,100","2","14.40","2","14.60","1","46,635,510","16.00","13.10"
"1815","富喬","27.10","-0.40","27.75","27.85","27.10","16,948,000","465,338,150","6,746","27.10","118","27.15","21","520,220,558","29.80","24.40"
"02001B","統一美國政府債N","8.39","0.00","8.39","8.39","8.39","4,000","33,560","1","8.38","245","8.40","251","20,000,000","9,999.95","0.01"
"2035","唐榮","31.90","+0.10","31.05","31.90","30.05","22,000","687,200","21","31.25","1","31.80","1","350,000,000","35.05","28.75"
"2061","風青","18.05","-0.15","18.30","18.45","17.90","69,000","1,253,000","42","18.00","2","18.05","1","57,378,052","19.85","16.25"
"2063","世鎧","31.30","+0.60","31.45","31.55","30.70","42,000","1,314,500","26","31.10","1","31.35","10","49,601,453","34.40","28.20"
"2064","晉椿","13.00","+0.15","12.85","13.15","12.85","18,000","236,100","8","12.85","1","13.05","2","69,330,000","14.30","11.70"
"2065","世豐","39.80","-0.05","39.90","39.95","39.50","63,000","2,507,150","26","39.75","1","39.85","2","63,516,707","43.75","35.85"
"2066","世德","80.40","+3.90","77.00","80.60","77.00","260,000","20,709,400","214","80.20","1","80.50","2","44,761,917","88.40","72.40"
"2067","嘉鋼","9.98","+0.43","9.99","9.99","9.98","2,000","19,970","2","9.88","1","9.90","4","45,138,177","10.95","8.99"
"2070","精湛","49.50","+0.25","49.80","50.20","49.00","78,000","3,863,850","59","49.50","3","49.60","8","35,782,800","54.40","44.55"
"2073","雄順","29.00","+0.50","29.00","29.00","29.00","1,000","29,000","1","27.00","2","29.00","1","27,500,000","31.90","26.10"
"2221","大甲","25.70","-0.40","26.00","26.00","25.70","48,000","1,237,700","31","25.70","4","25.85","1","42,325,000","28.25","23.15"
"2230","泰茂","104.00","+0.50","104.50","105.50","103.00","166,000","17,320,000","123","104.00","10","104.50","9","56,691,338","114.00","93.60"
"2235","謚源","46.40","-0.85","46.45","46.45","46.40","2,000","92,850","2","46.35","1","46.75","1","35,878,000","51.00","41.80"
"2596","綠意","31.15","-0.45","31.30","31.55","31.15","78,000","2,434,650","27","31.15","5","31.35","1","100,000,000","34.25","28.05"
"2640","大車隊","130.00","+1.00","130.00","130.00","129.50","10,000","1,299,000","10","129.50","3","130.50","2","59,264,956","143.00","117.00"
"2641","正德","20.10","+0.15","20.30","20.65","20.10","6,515,000","132,347,250","2,721","20.10","71","20.15","25","312,542,497","22.10","18.10"
"2643","捷迅","72.50","+0.30","72.20","73.20","72.20","30,000","2,174,500","25","72.50","4","72.60","4","35,000,000","79.70","65.30"
"2718","全心投控","46.55","+0.50","47.65","47.65","46.25","97,000","4,525,450","78","46.25","1","46.55","1","87,576,000","51.20","41.90"
"2719","燦星旅","32.20","+0.75","31.45","32.45","31.00","40,000","1,267,700","32","31.20","1","31.45","1","68,969,500","35.40","29.00"
"2724","藝舍-KY","21.80","0.00","21.60","21.80","21.60","5,000","108,600","5","21.00","5","21.70","2","59,656,345","23.95","19.65"
"2726","雅茗-KY","----","---","----","----","----","0","0","0","16.90","1","17.15","1","28,000,000","18.85","15.45"
"2729","瓦城","187.50","+5.50","186.00","191.50","186.00","50,000","9,358,000","48","187.50","2","188.00","2","39,500,984","206.00","169.00"
"2732","六角","91.30","+1.10","90.70","92.00","90.70","82,000","7,493,500","48","90.70","7","91.00","3","46,518,570","100.00","82.20"
"2734","易飛網","18.50","+0.05","18.30","18.95","18.30","49,000","909,150","39","18.50","2","18.55","1","57,259,760","20.35","16.65"
"2736","富野","15.80","+0.05","15.80","16.00","15.70","24,000","379,500","21","15.75","3","15.95","2","59,972,230","17.35","14.25"
"2740","天蔥","25.65","-0.30","26.65","26.65","24.30","10,000","251,650","10","24.65","1","25.60","1","12,752,016","28.20","23.10"
"2743","山富","82.50","+1.70","82.00","83.90","81.90","254,000","21,083,900","178","82.50","3","82.90","2","36,011,700","90.70","74.30"
"2745","五福","91.20","+1.00","91.10","94.50","91.10","190,000","17,590,700","166","91.10","3","91.50","1","33,808,526","100.00","82.10"
"2751","王座","64.90","+5.90","61.00","64.90","61.00","104,000","6,714,700","78","64.90","10","0.00","0","19,600,000","71.30","58.50"
"2752","豆府","218.50","-0.50","219.00","219.00","218.50","4,000","875,000","4","218.00","3","220.00","6","26,693,861","240.00","197.00"
"2754","亞洲藏壽司","73.00","-0.30","73.30","73.30","71.30","21,000","1,529,000","17","72.90","1","73.40","1","46,861,000","80.30","65.70"
"2755","揚秦","116.00","0.00","116.00","117.00","115.50","7,000","813,500","7","115.50","1","116.00","1","30,140,000","127.50","104.50"
"2756","聯發國際","83.70","+1.50","83.00","84.00","82.70","66,000","5,508,400","53","83.10","1","83.80","1","24,542,820","92.00","75.40"
"2916","滿心","48.00","-0.40","48.40","48.40","48.00","13,000","626,600","8","48.00","2","48.20","1","64,626,878","52.80","43.20"
"2924","宏太-KY","29.70","+0.15","29.90","29.90","29.70","6,000","178,800","6","29.00","1","29.45","1","52,035,934","32.65","26.75"
"2926","誠品生活","45.90","-0.60","46.25","46.25","45.90","8,000","369,100","7","45.90","1","46.00","1","47,389,650","50.40","41.35"
"2937","集雅社","43.00","-0.95","43.05","43.05","43.00","4,000","172,050","4","42.20","2","43.80","2","39,583,614","47.30","38.70"
"2941","米斯特","57.50","-1.50","59.00","59.00","57.50","10,000","581,000","10","55.90","1","58.30","1","15,390,000","63.20","51.80"
"2947","振宇五金","80.00","-1.00","81.00","81.00","80.00","5,000","401,300","5","80.00","1","81.70","1","19,268,600","88.00","72.00"
"2948","寶陞","39.10","-1.85","38.40","39.10","38.40","10,000","387,950","10","39.10","1","39.85","1","30,000,000","43.00","35.20"
"2949","欣新網","85.00","-2.50","90.00","90.00","85.00","5,000","434,400","4","83.00","1","88.80","1","25,410,000","93.50","76.50"
"3064","泰偉","49.60","-0.90","47.55","49.60","47.20","8,000","383,550","8","47.90","5","50.80","1","13,011,451","54.50","44.65"
"3066","李洲","15.60","-0.25","15.85","15.90","15.55","66,000","1,033,700","47","15.60","1","15.65","11","83,070,612","17.15","14.05"
"3067","全域","----","---","----","----","----","0","0","0","19.60","1","20.05","1","20,000,000","22.05","18.05"
"3071","協禧","18.85","+0.20","19.00","19.10","18.65","67,000","1,261,600","45","18.75","2","18.85","1","110,000,000","20.70","17.00"
"3073","天方能源","31.55","-1.20","32.60","32.70","31.55","119,000","3,826,050","104","31.55","1","31.60","1","37,099,556","34.70","28.40"
"3078","僑威","70.20","+1.00","70.20","71.90","69.40","4,128,000","292,052,500","2,842","70.20","12","70.30","2","227,391,064","77.20","63.20"
"3081","聯亞","248.50","-1.50","247.50","248.50","243.00","759,000","186,578,500","588","247.00","7","248.50","8","92,531,177","273.00","224.00"
"3083","網龍","33.40","-0.05","33.55","33.85","33.20","54,000","1,811,500","48","33.40","1","33.50","1","86,486,858","36.70","30.10"
"3085","新零售","17.75","-0.10","16.60","17.75","16.60","12,000","201,500","4","16.90","1","17.80","1","69,019,288","19.50","16.00"
"3086","華義","147.00","+10.00","139.00","149.50","138.00","293,000","42,728,500","243","147.00","5","148.00","3","25,972,429","161.50","132.50"
"3088","艾訊","97.50","-3.50","99.20","99.60","96.30","2,086,000","204,068,700","1,560","97.50","22","97.80","5","106,700,931","107.00","87.80"
"3093","港建*","25.15","-0.10","25.60","25.60","24.80","169,000","4,256,500","115","25.15","1","25.20","7","145,155,576","27.65","22.65"
"3095","及成","34.30","-0.20","35.90","35.90","34.00","22,000","755,350","17","34.00","16","35.00","1","10,000,000","37.70","30.90"
"3105","穩懋","85.10","-0.10","85.30","87.30","84.70","2,970,000","254,986,800","1,947","85.00","62","85.10","8","423,940,384","93.60","76.60"
"3114","好德","22.00","+0.45","21.95","22.30","21.80","58,000","1,274,650","33","22.00","2","22.10","1","65,129,792","24.20","19.80"
"3115","富榮綱","13.15","+0.05","12.75","13.20","12.75","14,000","181,000","11","12.80","3","13.20","1","32,197,615","14.45","11.85"
"3118","進階","31.40","0.00","31.60","31.60","31.40","46,000","1,446,250","16","31.40","6","31.45","1","32,452,860","34.50","28.30"
"3122","笙泉","21.90","-0.45","22.25","22.30","21.65","32,000","705,850","30","21.90","2","22.00","1","40,764,826","24.05","19.75"
"3128","昇銳","24.55","+0.05","25.20","25.25","24.20","384,000","9,515,750","284","24.55","8","24.60","13","42,000,000","27.00","22.10"
"3131","弘塑","898.00","+81.00","827.00","898.00","827.00","956,000","832,535,000","863","898.00","641","0.00","0","29,216,015","987.00","809.00"
"3141","晶宏","54.60","+0.30","55.10","56.20","54.20","233,000","12,842,500","135","54.40","1","54.60","1","75,195,028","60.00","49.15"
"3147","大綜","257.00","+23.00","243.50","257.00","241.00","7,591,000","1,916,377,000","4,412","257.00","363","0.00","0","39,006,099","282.50","231.50"
"3152","璟德","114.00","-1.50","116.50","116.50","113.50","69,000","7,912,000","65","114.00","1","114.50","10","69,016,200","125.00","103.00"
"3162","精確","43.10","+0.80","43.30","44.80","42.85","8,272,000","362,534,500","5,487","43.05","82","43.10","2","130,431,442","47.40","38.80"
"3163","波若威","150.50","-0.50","152.50","153.00","148.00","16,833,000","2,531,188,500","10,175","150.00","193","150.50","51","80,540,741","165.50","135.50"
"3169","亞信","88.40","+0.40","89.80","89.80","87.80","84,000","7,450,900","78","88.30","3","88.60","1","62,926,981","97.20","79.60"
"3171","炎洲流通","39.00","+0.25","38.65","39.00","38.60","18,000","695,650","11","38.45","1","38.80","1","35,372,658","42.90","35.10"
"3176","基亞","28.90","+0.20","29.15","29.15","28.40","40,000","1,147,400","30","28.55","1","28.90","3","139,306,755","31.75","26.05"
"3178","公準","49.00","0.00","49.00","49.45","49.00","8,000","392,900","6","48.45","1","49.15","1","45,050,000","53.90","44.10"
"3188","鑫龍騰","26.70","0.00","26.60","26.90","26.50","122,000","3,257,500","77","26.65","1","26.75","10","186,309,876","29.35","24.05"
"3191","雲嘉南","14.50","-0.50","14.55","14.55","14.50","5,000","72,550","4","13.75","1","14.95","1","43,597,381","15.95","13.05"
"3205","佰研","23.20","+0.50","22.30","23.20","22.30","19,000","435,000","15","22.35","2","22.85","1","32,545,631","25.50","20.90"
"3206","志豐","36.20","+0.05","36.20","36.70","36.20","19,000","689,000","13","36.15","1","36.20","1","58,916,621","39.80","32.60"
"3207","耀勝","80.00","-1.20","81.20","82.00","80.00","114,000","9,198,400","91","79.90","3","80.00","1","66,422,124","88.00","72.00"
"3211","順達","163.00","+1.50","163.00","166.00","160.50","5,739,000","938,645,500","3,789","163.00","27","163.50","20","152,561,021","179.00","147.00"
"3213","茂訊","88.70","-0.30","90.70","90.70","88.50","473,000","42,232,200","358","88.70","6","89.00","5","58,685,547","97.50","79.90"
"3217","優群","136.00","+3.00","134.00","137.00","134.00","599,000","81,177,000","466","136.00","5","136.50","12","90,104,203","149.50","122.50"
"3218","大學光","176.50","+3.50","175.00","177.50","174.00","97,000","17,073,000","87","175.50","2","176.50","1","84,724,899","194.00","159.00"
"3219","倚強科","33.90","+2.30","32.25","34.75","31.60","810,000","27,293,900","650","33.85","3","34.00","3","70,941,800","37.25","30.55"
"3221","台嘉碩","19.15","+0.15","19.10","19.30","19.05","40,000","766,350","34","19.05","9","19.20","17","103,936,710","21.05","17.25"
"3224","三顧","36.70","-0.60","38.00","38.00","36.70","38,000","1,419,000","34","36.60","3","37.25","1","68,172,648","40.35","33.05"
"3226","龍鋒","46.70","+0.90","46.70","46.70","46.70","1,000","46,700","1","45.00","1","48.40","1","64,430,573","51.30","42.05"
"3227","原相","205.00","+4.00","203.50","206.00","200.00","2,913,000","591,831,500","2,006","204.50","25","205.00","25","149,235,510","225.50","184.50"
"3228","金麗科","152.00","+13.50","141.00","152.00","138.50","774,000","114,336,000","616","152.00","312","0.00","0","70,306,495","167.00","137.00"
"3230","錦明","38.65","-0.45","39.50","40.45","38.55","491,000","19,298,600","374","38.65","4","38.80","2","86,010,900","42.50","34.80"
"3232","昱捷","27.15","+0.10","27.45","27.45","26.65","32,000","868,650","13","27.05","1","27.20","6","46,567,865","29.85","24.45"
"3234","光環","31.10","-0.30","31.80","31.90","30.80","451,000","14,057,050","297","31.10","1","31.20","1","111,474,692","34.20","28.00"
"3236","千如","14.50","-0.25","14.80","14.85","14.50","79,000","1,161,200","51","14.50","8","14.60","1","105,000,613","15.95","13.05"
"3252","海灣","19.30","-0.10","19.40","19.40","19.30","103,000","1,997,850","26","19.30","5","19.35","1","50,195,754","21.20","17.40"
"3259","鑫創","21.30","0.00","21.30","21.50","21.20","23,000","490,400","17","21.30","1","21.80","6","72,965,934","23.40","19.20"
"3260","威剛","80.80","0.00","81.10","82.10","80.50","3,314,000","269,042,900","2,069","80.80","3","80.90","24","325,833,648","88.80","72.80"
"3264","欣銓","74.00","+4.00","71.00","75.30","70.70","18,488,000","1,364,223,700","10,283","73.90","1","74.00","27","490,170,076","81.40","66.60"
"3265","台星科","86.80","0.00","86.60","88.00","86.60","192,000","16,746,400","138","86.80","2","87.10","1","136,261,659","95.40","78.20"
"3268","海德威","22.00","+0.40","23.50","23.50","22.00","80,000","1,807,200","48","22.00","2","22.05","2","34,720,796","24.20","19.80"
"3272","東碩","24.35","+1.45","23.65","24.95","23.60","771,000","18,662,550","509","24.35","1","24.45","1","61,176,789","26.75","21.95"
"3276","宇環","11.50","+0.05","11.55","11.65","11.35","105,000","1,208,800","56","11.45","3","11.50","1","69,712,666","12.65","10.35"
"3284","太普高","27.75","-0.15","28.25","28.30","27.75","60,000","1,681,450","45","27.75","1","27.90","1","92,395,065","30.50","25.00"
"3285","微端","26.10","+0.40","26.10","26.10","26.00","6,000","156,400","5","25.55","1","25.85","1","42,735,324","28.70","23.50"
"3287","廣寰科","37.20","-1.50","39.40","39.50","36.25","2,557,000","95,542,300","1,792","37.10","29","37.20","21","43,970,483","40.90","33.50"
"3288","點晶","19.20","-0.60","19.30","19.30","19.20","6,000","115,350","6","19.10","1","19.50","1","15,000,000","21.10","17.30"
"3289","宜特","99.60","-0.90","102.00","102.50","99.60","151,000","15,164,500","132","99.60","1","99.90","2","74,438,171","109.50","89.70"
"3290","東浦","26.60","0.00","26.75","27.15","26.30","876,000","23,481,400","282","26.60","7","26.65","9","128,878,620","29.25","23.95"
"3293","鈊象","817.00","+12.00","812.00","827.00","810.00","1,568,000","1,281,069,000","1,371","816.00","3","817.00","4","281,801,560","898.00","736.00"
"3294","英濟","26.45","+0.45","26.35","26.95","26.15","1,039,000","27,459,250","607","26.45","4","26.55","8","132,015,919","29.05","23.85"
"3297","杭特","32.95","+1.60","30.45","33.00","30.45","956,000","30,814,800","674","32.90","22","33.00","39","36,049,445","36.20","29.70"
"3303","岱稜","46.45","-0.45","47.15","47.35","46.30","147,000","6,866,200","113","46.45","2","46.60","1","94,090,607","51.00","41.85"
"3306","鼎天","42.20","+0.25","42.05","42.60","42.05","63,000","2,666,450","52","42.20","20","42.25","4","50,607,702","46.40","38.00"
"3310","佳穎","78.80","+0.10","77.10","78.90","77.10","8,000","628,600","7","78.30","1","78.90","5","64,206,432","86.60","71.00"
"3313","斐成","12.50","-0.25","12.55","12.80","12.50","106,000","1,335,050","71","12.45","10","12.50","8","220,770,776","13.75","11.25"
"3317","尼克森","37.60","-0.70","38.30","38.45","37.60","117,000","4,430,450","111","37.55","9","37.80","1","81,000,000","41.35","33.85"
"3322","建舜電","12.00","+0.05","11.85","12.20","11.85","143,000","1,711,100","81","11.85","6","12.00","1","121,582,157","13.20","10.80"
"3323","加百裕","26.45","-0.30","27.20","27.35","26.45","2,391,000","64,033,900","1,449","26.45","3","26.65","3","93,553,607","29.05","23.85"
"3324","雙鴻","465.50","+4.00","465.00","466.00","448.00","6,341,000","2,909,134,000","5,105","465.00","2","465.50","6","91,764,146","512.00","419.00"
"3325","旭品","14.90","-0.15","15.35","15.35","14.90","203,000","3,069,400","119","14.90","1","14.95","4","90,168,610","16.35","13.45"
"3332","幸康","----","---","----","----","----","0","0","0","38.85","1","39.80","1","48,104,246","42.70","35.00"
"3339","泰谷","30.35","+0.85","29.70","31.20","29.60","942,000","28,779,700","532","30.30","3","30.35","9","66,568,300","33.35","27.35"
"3349","寶德","----","---","----","----","----","0","0","0","17.05","2","18.10","1","40,071,648","19.85","16.25"
"3354","律勝","15.80","-0.45","16.40","16.45","15.80","302,000","4,841,000","135","15.80","8","15.85","3","70,112,426","17.35","14.25"
"3357","臺慶科","92.40","+0.60","94.70","94.70","91.20","45,000","4,162,300","43","91.60","3","92.40","5","102,034,881","101.50","83.20"
"3360","尚立","12.10","0.00","12.15","12.20","11.95","105,000","1,265,400","46","12.05","2","12.10","1","76,402,244","13.30","10.90"
"3362","先進光","127.00","0.00","131.00","133.00","127.00","791,000","102,463,000","611","127.00","16","127.50","8","142,460,275","139.50","114.50"
"3363","上詮","157.50","-2.00","161.00","161.00","157.00","337,000","53,399,500","258","157.50","20","158.00","1","103,640,567","173.00","142.00"
"3372","典範","13.20","0.00","13.50","13.50","13.05","139,000","1,837,300","104","13.20","8","13.25","5","175,324,000","14.50","11.90"
"3373","熱映","21.05","+0.05","21.00","21.45","20.90","118,000","2,495,750","62","21.05","2","21.10","1","43,289,801","23.15","18.95"
"3374","精材","128.00","0.00","130.50","132.00","127.50","2,087,000","269,658,000","1,565","128.00","65","128.50","3","271,364,316","140.50","115.50"
"3379","彬台","49.95","-0.65","51.10","51.60","49.40","2,494,000","125,893,900","1,741","49.90","2","49.95","8","38,041,748","54.90","45.00"
"3388","崇越電","64.30","+0.70","64.00","64.40","63.90","10,000","640,300","9","64.00","7","64.20","1","74,062,358","70.70","57.90"
"3390","旭軟","22.40","+0.30","22.25","22.40","22.10","82,000","1,826,100","70","22.30","6","22.40","1","78,958,259","24.60","20.20"
"3402","漢科","83.30","+0.50","84.00","84.10","83.00","119,000","9,926,800","87","83.30","1","83.50","1","73,047,692","91.60","75.00"
"3426","台興","44.55","+1.55","42.60","44.55","42.50","6,000","257,350","6","42.65","2","44.75","1","26,400,000","49.00","40.10"
"3430","奇鈦科","48.05","+0.45","48.00","48.50","47.75","72,000","3,457,600","57","47.75","7","48.10","3","33,716,085","52.80","43.25"
"3434","哲固","62.90","+3.20","60.10","64.00","60.10","2,047,000","127,729,100","1,395","62.80","7","63.00","37","28,027,800","69.10","56.70"
"3438","類比科","43.50","-0.80","44.10","44.80","43.35","63,000","2,765,900","57","43.50","4","43.55","1","47,165,815","47.85","39.15"
"3441","聯一光","32.70","-0.20","33.30","33.30","32.60","67,000","2,205,500","52","32.70","3","32.80","1","40,039,920","35.95","29.45"
"3444","利機","55.40","+0.10","55.60","56.50","55.20","294,000","16,356,000","283","55.20","3","55.60","1","44,996,877","60.90","49.90"
"3455","由田","89.90","+0.90","89.60","91.50","89.30","168,000","15,137,300","128","89.90","1","90.00","2","59,850,750","98.80","81.00"
"3465","進泰電子","55.00","0.00","55.80","55.80","54.50","18,000","988,300","9","54.60","1","55.20","1","35,329,862","60.50","49.50"
"3466","德晉","39.00","-0.60","40.40","40.40","38.70","382,000","14,992,100","265","39.00","5","39.10","2","77,892,073","42.90","35.10"
"3467","台灣精材","46.50","-0.30","47.50","47.50","45.80","37,000","1,734,750","30","46.45","1","46.95","1","31,106,569","51.10","41.85"
"3479","安勤","89.50","+1.30","89.00","90.30","88.40","363,000","32,459,100","292","89.40","5","89.50","1","72,630,164","98.40","80.60"
"3483","力致","101.50","-0.50","104.50","104.50","101.00","466,000","47,655,000","350","101.50","6","102.00","4","86,129,789","111.50","91.40"
"3484","崧騰","46.60","-0.55","47.20","47.95","46.60","259,000","12,201,000","212","46.60","4","46.80","2","77,068,045","51.20","41.95"
"3489","森寶","23.50","-0.30","23.60","24.10","23.35","156,000","3,678,100","73","23.45","3","23.55","2","90,452,155","25.85","21.15"
"3490","單井","22.55","-0.25","23.55","23.55","22.45","128,000","2,936,250","68","22.55","2","22.60","1","55,006,435","24.80","20.30"
"3491","昇達科","384.00","+4.50","382.00","388.50","375.00","2,572,000","981,801,500","1,907","384.00","1","384.50","18","64,886,240","422.00","346.00"
"3492","長盛","19.50","-0.10","19.65","19.65","19.50","43,000","841,600","24","19.50","2","19.55","1","35,531,600","21.45","17.55"
"3498","陽程","35.20","-1.60","36.70","37.00","35.15","720,000","25,749,600","565","35.20","1","35.30","5","62,873,008","38.70","31.70"
"3499","環天科","13.15","+0.05","13.35","13.35","13.15","54,000","716,000","33","13.20","5","13.25","1","54,970,596","14.45","11.85"
"3508","位速","19.60","-0.20","20.30","20.35","19.50","33,000","649,300","28","19.60","8","19.85","6","104,311,737","21.55","17.65"
"3511","矽瑪","21.70","-0.15","22.20","22.40","21.60","228,000","5,008,650","153","21.65","4","21.70","2","79,972,945","23.85","19.55"
"3512","皇龍","26.55","+0.20","26.75","26.80","26.40","27,000","715,900","18","26.45","1","26.55","12","113,072,372","29.20","23.90"
"3516","亞帝歐","21.60","+0.85","20.85","21.65","20.70","93,000","1,957,500","35","21.10","1","21.60","7","59,560,874","23.75","19.45"
"3520","華盈","13.35","-0.20","13.65","14.00","13.20","236,000","3,179,400","118","13.35","3","13.40","9","68,846,778","14.65","12.05"
"3521","鴻翊","11.75","-0.10","11.55","11.90","11.55","30,000","351,900","20","11.70","1","11.75","13","128,265,552","12.90","10.60"
"3522","御嵿","15.65","+0.05","16.25","16.25","15.60","31,000","487,000","25","15.60","3","15.65","1","83,971,209","17.20","14.10"
"3523","迎輝","19.50","-0.35","19.00","19.50","19.00","6,000","114,500","5","19.20","1","19.45","1","64,257,868","21.45","17.55"
"3526","凡甲","223.00","-1.50","227.50","227.50","223.00","152,000","34,164,000","134","223.00","5","224.00","17","65,134,161","245.00","201.00"
"3527","聚積","60.70","-0.50","62.30","62.30","60.70","4,000","244,900","4","60.70","1","60.90","1","44,445,125","66.70","54.70"
"3529","力旺","2,435.00","-20.00","2,565.00","2,565.00","2,425.00","704,000","1,744,760,000","678","2,435.00","1","2,445.00","1","74,663,992","2,675.00","2,195.00"
"3531","先益","25.60","-0.45","26.65","26.65","25.60","19,000","490,200","16","25.55","1","25.65","1","61,175,011","28.15","23.05"
"3537","堡達","39.50","-0.30","39.80","40.10","39.35","48,000","1,904,950","43","39.40","1","39.60","1","56,242,979","43.45","35.55"
"3540","曜越","25.45","-0.30","25.85","26.15","25.20","240,000","6,136,450","112","25.40","2","25.45","3","73,066,548","27.95","22.95"
"3541","西柏","26.90","-0.05","27.60","27.60","26.80","26,000","702,800","21","26.75","3","27.05","2","56,787,142","29.55","24.25"
"3546","宇峻","91.70","+1.30","90.80","93.90","89.00","1,878,000","172,702,300","1,434","91.70","2","92.00","18","53,115,748","100.50","82.60"
"3548","兆利","118.00","0.00","121.00","121.50","114.50","964,000","112,910,000","798","118.00","10","118.50","10","66,091,364","129.50","106.50"
"3551","世禾","93.70","-1.00","95.30","95.90","93.50","217,000","20,483,900","189","93.60","6","94.20","3","56,774,890","103.00","84.40"
"3552","同致","63.30","-0.10","65.00","65.00","63.00","55,000","3,492,100","49","63.20","1","63.40","5","94,152,244","69.60","57.00"
"3555","博士旺","29.10","-2.40","31.80","31.80","29.10","7,000","216,300","7","29.10","2","31.45","3","29,998,797","32.00","26.20"
"3556","禾瑞亞","40.75","+0.15","40.70","40.75","40.60","17,000","692,400","7","40.75","1","40.80","1","63,702,844","44.80","36.70"
"3558","神準","162.50","-3.00","168.50","169.00","161.50","758,000","124,756,000","636","162.50","4","163.00","3","59,060,881","178.50","146.50"
"3564","其陽","48.35","+0.45","48.30","48.90","47.30","81,000","3,891,300","60","47.95","2","48.65","1","59,123,100","53.10","43.55"
"3567","逸昌","29.30","+0.10","29.20","30.10","29.05","27,000","794,000","23","29.15","2","29.20","1","33,954,000","32.20","26.40"
"3570","大塚","188.00","+6.50","181.50","188.00","181.50","127,000","23,620,000","120","187.00","1","188.00","5","17,097,000","206.50","169.50"
"3577","泓格","51.00","+0.40","51.60","51.70","50.50","64,000","3,273,900","37","51.00","1","51.20","1","63,965,653","56.10","45.90"
"3580","友威科","69.10","+1.40","68.20","72.80","66.10","11,193,000","775,867,300","8,332","69.10","21","69.20","2","39,470,657","76.00","62.20"
"3581","博磊","34.65","+3.15","32.65","34.65","32.10","324,000","11,080,050","209","34.65","577","0.00","0","51,006,000","38.10","31.20"
"3587","閎康","153.00","-0.50","156.00","157.00","153.00","238,000","36,796,000","206","152.50","8","154.50","2","67,038,234","168.00","138.00"
"3594","磐儀","41.70","+0.25","42.00","42.30","41.65","322,000","13,503,150","246","41.65","7","41.70","2","95,697,358","45.85","37.55"
"3597","映興","26.10","+0.10","26.10","26.75","25.95","91,000","2,378,750","72","26.05","5","26.20","1","39,236,440","28.70","23.50"
"3609","三一東林","41.90","+1.00","41.30","42.20","41.30","32,000","1,329,150","18","41.35","11","41.70","1","38,419,387","46.05","37.75"
"3611","鼎翰","179.00","+1.00","179.50","179.50","178.50","11,000","1,965,500","9","178.50","2","179.00","2","47,448,134","196.50","161.50"
"3615","安可","22.45","-0.05","22.65","23.10","22.45","163,000","3,688,300","112","22.45","4","22.60","1","68,466,976","24.65","20.25"
"3623","富晶通","17.75","+1.05","16.95","18.35","16.80","450,000","8,031,750","333","17.75","3","17.85","1","29,185,946","19.50","16.00"
"3624","光頡","30.00","+0.25","30.00","30.30","29.75","126,000","3,777,950","96","29.90","23","30.00","11","117,340,842","33.00","27.00"
"3625","西勝","13.25","-0.50","13.45","13.65","13.25","311,000","4,166,600","194","13.25","18","13.40","10","114,246,765","14.55","11.95"
"3628","盈正","39.05","-0.85","39.90","39.90","38.70","21,000","823,000","19","39.05","1","39.15","1","45,000,000","42.95","35.15"
"3629","地心引力","18.50","+0.50","18.50","18.50","18.50","1,000","18,500","1","16.20","2","19.45","1","32,954,782","20.35","16.65"
"3630","新鉅科","18.80","-0.35","19.55","19.55","18.75","227,000","4,312,600","150","18.80","12","18.85","1","204,191,848","20.65","16.95"
"3631","晟楠","28.75","0.00","29.10","29.30","28.30","23,000","663,400","23","28.40","1","28.80","1","81,820,909","31.60","25.90"
"3632","研勤","11.05","0.00","11.05","11.05","11.05","1,000","11,050","1","10.85","2","11.10","2","40,889,738","12.15","9.95"
"3646","艾恩特","29.75","-0.05","29.90","29.90","29.50","9,000","266,400","9","29.55","1","29.80","1","39,297,371","32.70","26.80"
"3663","鑫科","52.50","-1.50","55.30","57.70","52.10","9,444,000","508,563,700","6,352","52.50","37","52.60","13","108,494,074","57.70","47.25"
"3664","安瑞-KY","20.80","-0.40","21.80","21.80","20.70","84,000","1,771,450","52","20.80","1","20.90","1","59,283,607","22.85","18.75"
"3666","光耀","30.95","0.00","30.25","30.95","30.10","33,000","1,006,650","28","30.50","2","30.90","1","58,945,850","34.00","27.90"
"3672","康聯訊","22.60","+2.05","20.55","22.60","19.80","427,000","9,501,400","149","22.60","65","0.00","0","31,790,375","24.85","20.35"
"3675","德微","150.00","+5.00","145.50","150.00","144.00","333,000","49,154,000","261","150.00","8","150.50","7","54,703,923","165.00","135.00"
"3680","家登","356.00","0.00","359.50","363.50","354.00","675,000","242,015,500","558","356.00","1","357.50","1","96,039,239","391.50","320.50"
"3684","榮昌","43.15","0.00","43.15","43.15","43.15","1,000","43,150","1","42.50","2","47.00","17","30,001,674","47.45","38.85"
"3685","元創精密","11.35","-0.35","11.60","11.70","11.35","57,000","658,050","38","11.35","5","11.45","1","79,574,000","12.45","10.25"
"3687","歐買尬","72.40","+1.00","71.70","72.70","71.00","83,000","5,969,100","65","72.30","1","72.40","1","30,059,572","79.60","65.20"
"3689","湧德","76.80","-0.80","78.60","78.70","76.80","913,000","70,743,200","690","76.80","9","77.10","9","84,866,421","84.40","69.20"
"3691","碩禾","62.90","-1.70","64.50","65.00","62.80","645,000","41,083,100","474","62.90","31","63.10","2","91,883,420","69.10","56.70"
"3693","營邦","281.50","0.00","284.50","286.00","280.50","213,000","60,129,000","198","281.50","1","282.50","6","42,990,694","309.50","253.50"
"3707","漢磊","32.80","-0.05","33.00","33.50","32.50","461,000","15,145,150","306","32.75","8","32.80","13","383,222,653","36.05","29.55"
"3709","鑫聯大投控","43.45","+3.95","43.45","43.45","42.80","5,761,000","250,172,450","1,731","43.45","62,817","0.00","0","125,569,450","47.75","39.15"
"3710","連展投控","8.58","-0.07","8.70","8.78","8.55","313,000","2,705,190","153","8.58","7","8.63","5","287,250,734","9.43","7.73"
"3713","新晶投控","18.40","-0.30","18.50","18.50","18.25","45,000","827,600","27","18.40","1","18.60","1","78,090,000","20.20","16.60"
"4102","永日","23.05","+0.10","23.15","23.25","22.95","46,000","1,062,800","35","23.05","3","23.10","1","42,373,443","25.35","20.75"
"4105","東洋","73.90","-0.60","75.00","75.00","73.90","404,000","29,979,600","280","73.90","8","74.00","5","248,649,959","81.20","66.60"
"4107","邦特","117.50","+0.50","117.50","118.50","117.50","24,000","2,830,000","16","117.50","7","118.00","1","69,298,336","129.00","106.00"
"4109","加捷生醫","16.40","+0.10","16.50","16.55","16.35","287,000","4,725,600","132","16.40","5","16.50","3","118,736,681","18.00","14.80"
"4111","濟生","29.65","-0.20","30.00","30.00","29.55","86,000","2,551,500","69","29.60","5","29.80","9","56,982,985","32.60","26.70"
"4113","聯上","20.85","+0.30","21.15","21.15","20.60","140,000","2,906,050","99","20.80","3","20.85","5","231,138,137","22.90","18.80"
"4114","健喬","31.25","0.00","31.50","31.50","31.15","210,000","6,572,450","154","31.25","9","31.30","12","464,341,487","34.35","28.15"
"4116","明基醫","40.30","-0.05","40.35","40.35","40.30","5,000","201,700","5","40.20","1","40.30","2","44,566,000","44.30","36.30"
"4120","友華","44.50","0.00","44.05","45.15","44.05","68,000","3,034,500","52","44.10","3","44.90","2","86,747,119","48.95","40.05"
"4121","優盛","14.55","0.00","14.50","14.60","14.45","67,000","974,350","45","14.50","21","14.60","2","85,491,045","16.00","13.10"
"4123","晟德","34.20","-0.10","34.30","34.40","33.90","473,000","16,127,850","293","34.00","1","34.20","2","724,976,832","37.60","30.80"
"4126","太醫","90.50","0.00","90.50","91.20","90.50","10,000","906,900","7","90.20","2","90.70","1","72,600,000","99.50","81.50"
"4127","天良","36.25","-0.50","36.70","36.75","36.00","28,000","1,016,500","23","36.20","1","36.30","1","45,760,000","39.85","32.65"
"4128","中天","23.05","-0.15","23.35","23.45","23.05","464,000","10,762,050","362","23.05","13","23.10","2","588,170,597","25.35","20.75"
"4129","聯合","87.80","+1.50","87.50","88.20","86.20","141,000","12,321,100","126","87.60","1","88.00","12","96,436,704","96.50","79.10"
"4130","健亞","20.15","0.00","20.35","20.35","19.75","105,000","2,099,800","39","20.05","6","20.10","1","112,657,127","22.15","18.15"
"4131","浩泰","33.00","0.00","33.30","33.50","33.00","8,000","267,200","7","32.55","1","33.50","1","39,500,000","36.30","29.70"
"4138","曜亞","83.80","-0.10","83.90","84.00","83.70","6,000","502,900","6","83.70","3","84.00","1","36,300,000","92.10","75.50"
"4139","馬光-KY","28.50","-0.15","28.50","28.50","28.50","1,000","28,500","1","28.30","2","28.70","1","42,549,911","31.35","25.65"
"4147","中裕","79.60","-1.00","80.60","81.40","78.80","617,000","49,185,100","425","79.60","12","79.80","2","273,116,000","87.50","71.70"
"4153","鈺緯","42.10","-0.15","42.50","42.50","42.10","13,000","549,350","12","42.10","1","42.25","1","60,090,591","46.30","37.90"
"4154","樂威科-KY","19.90","-0.05","19.30","19.90","19.30","21,000","412,750","14","19.50","1","19.95","10","30,827,620","21.85","17.95"
"4157","太景*-KY","9.41","-0.04","9.42","9.54","9.41","183,000","1,728,970","112","9.40","16","9.41","1","717,841,475","10.35","8.47"
"4160","訊聯基因","55.30","0.00","57.30","57.30","54.20","27,000","1,500,300","24","54.40","2","56.30","1","26,690,334","60.80","49.80"
"4161","聿新科","33.10","+0.15","33.20","33.30","32.30","47,000","1,542,800","39","32.55","1","32.80","1","52,940,889","36.40","29.80"
"4162","智擎","87.70","+0.30","88.00","88.40","87.30","582,000","51,165,000","451","87.70","4","87.90","5","145,677,640","96.40","79.00"
"4163","鐿鈦","109.00","-1.50","110.00","110.00","109.00","21,000","2,296,000","18","108.50","2","109.50","2","49,724,143","119.50","98.10"
"4167","松瑞藥","17.85","+0.15","17.70","17.90","17.65","463,000","8,232,400","143","17.75","13","17.85","16","317,399,107","19.60","16.10"
"4168","醣聯","16.10","+0.05","16.25","16.25","16.00","61,000","981,800","29","16.05","4","16.10","2","108,640,133","17.70","14.50"
"4171","瑞基","18.25","+0.25","18.10","18.30","17.80","74,000","1,342,550","58","18.25","1","18.30","4","57,457,469","20.05","16.45"
"4173","久裕","20.85","+0.10","20.90","21.15","20.80","301,000","6,285,600","181","20.85","10","20.90","15","74,574,355","22.90","18.80"
"4174","浩鼎","42.20","-4.65","42.20","42.20","42.20","290,000","12,238,000","194","0.00","0","42.20","4,346","263,159,374","46.40","38.00"
"4175","杏一","63.50","-0.20","62.80","64.30","62.80","10,000","633,600","8","63.10","2","63.90","2","42,323,307","69.80","57.20"
"4183","福永生技","20.30","+0.10","20.00","20.30","20.00","2,000","40,300","2","20.00","1","20.70","2","23,800,000","22.30","18.30"
"4188","安克","13.45","-0.05","13.25","13.45","13.00","45,000","588,750","28","13.25","1","13.45","2","63,332,900","14.75","12.15"
"4192","杏國","29.95","+0.25","30.55","30.55","29.20","6,000","178,650","6","29.25","2","30.00","2","35,164,500","32.90","27.00"
"4198","欣大健康","29.75","-0.55","29.50","29.75","28.60","14,000","405,950","12","28.70","1","29.80","2","24,108,000","32.70","26.80"
"4205","中華食","91.60","+0.60","92.40","92.40","91.30","17,000","1,559,500","15","91.20","3","92.00","5","88,772,026","100.50","82.50"
"4207","環泰","15.10","-0.15","15.15","15.25","15.10","85,000","1,288,600","27","15.10","41","15.20","1","198,538,008","16.60","13.60"
"4303","信立","69.20","+2.30","68.00","70.60","67.90","15,614,000","1,082,421,100","9,132","69.10","97","69.30","7","78,837,764","76.10","62.30"
"4304","勝昱","----","---","----","----","----","0","0","0","7.78","1","8.98","2","36,038,065","9.13","7.47"
"4305","世坤","44.30","+0.30","43.20","44.30","43.20","2,000","87,500","2","43.40","1","43.75","1","55,014,000","48.70","39.90"
"4401","東隆興","16.75","-0.10","16.75","16.90","16.70","30,000","502,400","19","16.75","1","16.85","5","122,692,012","18.40","15.10"
"4402","郡都開發","20.00","+0.20","20.20","20.20","19.70","12,000","238,400","11","19.80","1","20.00","2","67,991,830","22.00","18.00"
"4406","新昕纖","9.26","+0.08","9.31","9.41","9.20","20,000","185,690","15","9.25","2","9.38","1","51,912,000","10.15","8.34"
"4413","飛寶企業","----","---","----","----","----","0","0","0","13.90","1","14.70","1","31,314,689","16.10","13.20"
"4416","三圓","63.00","+3.00","59.50","63.00","59.30","191,000","11,773,900","48","62.20","1","63.00","3","73,586,213","69.30","56.70"
"4417","金洲","43.55","-0.25","44.10","44.15","43.40","37,000","1,618,500","30","43.40","2","43.90","3","83,971,399","47.90","39.20"
"4419","皇家美食","47.00","-1.00","47.00","47.00","47.00","6,000","282,000","4","47.00","2","48.00","6","169,163,133","51.70","42.30"
"4420","光明","50.60","+0.20","50.90","50.90","50.50","34,000","1,723,100","29","50.60","1","50.70","2","40,455,000","55.60","45.55"
"4430","耀億","18.65","-0.05","18.80","18.80","18.65","5,000","93,750","5","18.50","3","18.65","1","56,273,609","20.50","16.80"
"4432","銘旺實","20.50","0.00","20.40","20.50","20.25","54,000","1,100,450","33","20.25","2","20.50","1","50,589,000","22.55","18.45"
"4433","興采","25.85","+0.35","25.85","25.85","25.85","1,000","25,850","1","25.40","1","25.80","1","61,299,774","28.40","23.30"
"4442","竣邦-KY","48.00","+1.20","46.70","48.25","46.70","4,000","190,950","4","44.40","1","47.75","2","27,942,938","52.80","43.20"
"4502","健信","16.90","-0.15","17.35","17.35","16.90","30,000","511,000","23","16.90","1","16.95","2","57,469,686","18.55","15.25"
"4503","金雨","46.10","-0.05","47.00","47.30","46.00","291,000","13,561,800","192","46.10","2","46.25","2","78,313,326","50.70","41.50"
"4506","崇友","104.50","0.00","105.00","105.00","104.00","27,000","2,818,000","27","104.00","11","105.00","11","177,012,000","114.50","94.10"
"4510","高鋒","43.50","+1.20","43.70","44.95","43.15","14,462,000","637,280,300","8,623","43.50","58","43.60","1","108,010,689","47.85","39.15"
"4513","福裕","22.20","-0.40","22.70","22.75","22.00","172,000","3,832,250","122","22.20","1","22.25","1","114,361,921","24.40","20.00"
"4523","永彰","28.80","-0.25","29.20","29.50","28.75","128,000","3,716,400","73","28.80","3","28.95","1","65,078,000","31.65","25.95"
"4527","方土霖","45.00","+0.30","44.80","45.30","44.80","47,000","2,114,750","41","44.75","11","45.05","1","76,152,370","49.50","40.50"
"4528","江興鍛","18.25","+0.40","18.45","18.45","18.20","14,000","255,900","13","18.20","2","18.25","1","84,165,695","20.05","16.45"
"4529","淳紳","4.18","-0.12","4.18","4.19","4.18","14,000","58,550","9","4.10","1","4.18","2","84,549,096","4.59","3.77"
"4530","宏易","----","---","----","----","----","0","0","0","11.40","1","12.10","2","69,437,276","13.30","10.90"
"4533","協易機","26.10","+0.15","26.20","26.45","25.80","614,000","16,019,300","340","26.00","2","26.10","1","158,434,110","28.70","23.50"
"4534","慶騰","18.45","-0.40","18.90","19.10","18.20","381,000","7,086,450","197","18.45","1","18.55","3","86,788,948","20.25","16.65"
"4535","至興","29.95","+0.05","30.20","30.20","29.90","7,000","209,850","7","29.90","9","29.95","1","75,661,740","32.90","27.00"
"4538","大詠城","18.15","0.00","18.45","18.45","18.10","32,000","583,900","26","18.10","5","18.25","3","58,772,991","19.95","16.35"
"4541","晟田","49.55","-1.05","51.00","51.50","49.15","25,316,000","1,269,768,300","14,051","49.55","44","49.60","3","67,647,068","54.50","44.60"
"4542","科嶠","51.00","-0.80","53.30","54.20","51.00","143,000","7,516,300","118","51.00","2","51.50","21","32,323,417","56.10","45.90"
"4543","萬在","28.20","-0.10","28.60","29.15","28.10","81,000","2,304,300","54","28.15","1","28.30","1","59,772,300","31.00","25.40"
"4549","桓達","113.50","-1.50","115.00","115.50","113.50","52,000","5,951,000","44","113.50","2","114.00","2","55,884,750","124.50","102.50"
"4550","長佳","27.25","+0.05","27.30","27.30","26.95","27,000","731,850","23","27.00","8","27.10","1","37,838,783","29.95","24.55"
"4554","橙的","29.70","+0.70","29.70","29.70","29.70","1,000","29,700","1","28.75","1","29.40","1","23,298,641","32.65","26.75"
"4556","旭然","26.75","+0.35","26.70","26.90","26.70","6,000","160,500","6","26.00","1","26.45","2","42,302,840","29.40","24.10"
"4558","寶緯","22.75","+0.15","22.85","22.85","22.20","29,000","654,450","26","22.55","1","22.75","4","50,000,000","25.00","20.50"
"4561","健椿","42.50","+0.40","43.05","43.70","42.50","213,000","9,165,800","157","42.50","4","42.55","1","58,521,619","46.75","38.25"
"4563","百德","69.90","-0.30","71.00","72.40","69.60","187,000","13,228,000","148","69.60","6","70.00","5","54,950,000","76.80","63.00"
"4568","科際精密","43.50","除息","43.25","43.60","43.25","14,000","607,450","13","43.05","1","43.25","1","31,860,125","47.85","39.15"
"4577","達航科技","18.75","-0.55","19.65","19.90","18.60","246,000","4,693,700","148","18.65","4","18.85","2","49,137,998","20.60","16.90"
"4580","捷流閥業","83.60","+0.50","83.50","83.90","83.30","25,000","2,089,200","24","83.40","1","83.60","1","44,786,137","91.90","75.30"
"4584","君帆","54.70","+0.20","55.00","55.00","54.70","5,000","274,400","5","54.70","1","55.60","1","30,002,400","60.10","49.25"
"4609","唐鋒","8.28","+0.09","8.45","8.45","8.28","6,000","49,850","6","7.67","2","8.29","2","47,946,820","9.10","7.46"
"4702","中美實","9.38","+0.09","9.29","9.38","9.22","19,000","176,140","14","9.31","1","9.33","1","72,333,200","10.30","8.45"
"4706","大恭","29.65","+0.05","29.65","29.65","29.65","21,000","622,650","4","29.60","2","29.80","1","79,030,093","32.60","26.70"
"4707","磐亞","10.05","-0.05","10.10","10.20","10.05","227,000","2,293,750","110","10.05","86","10.10","77","403,715,270","11.05","9.05"
"4711","永純","14.40","+0.10","14.50","14.50","14.40","21,000","303,900","11","14.35","2","14.45","1","61,056,000","15.80","13.00"
"4714","永捷","14.40","+0.15","14.40","14.60","14.35","695,000","10,065,200","320","14.40","28","14.55","21","177,886,188","15.80","13.00"
"4716","大立","16.40","+0.15","16.55","16.70","16.30","119,000","1,957,100","77","16.35","2","16.40","7","89,504,446","18.00","14.80"
"4721","美琪瑪","50.90","+0.20","52.40","52.40","50.70","132,000","6,832,000","92","50.90","1","51.00","2","74,986,304","55.90","45.85"
"4726","永昕","30.55","-0.25","31.50","31.50","30.35","125,000","3,839,650","94","30.55","5","30.85","3","207,049,100","33.60","27.50"
"4728","雙美","427.00","+15.00","415.00","427.00","415.00","103,000","43,510,500","101","426.00","1","427.50","1","54,463,000","469.50","384.50"
"4729","熒茂","19.90","+0.05","19.95","19.95","19.55","85,000","1,680,950","62","19.85","1","19.90","2","77,726,741","21.85","17.95"
"4735","豪展","31.60","-0.10","32.00","32.00","31.00","50,000","1,576,400","21","31.50","2","31.60","3","41,568,758","34.75","28.45"
"4741","泓瀚","25.40","+0.10","25.60","25.70","25.35","85,000","2,167,950","60","25.40","3","25.50","1","32,841,584","27.90","22.90"
"4743","合一","60.30","-1.00","61.80","62.10","60.00","983,000","59,701,600","665","60.20","6","60.30","1","479,231,486","66.30","54.30"
"4744","皇將","20.70","-0.10","20.60","21.00","20.60","70,000","1,454,450","40","20.70","1","20.80","1","54,984,332","22.75","18.65"
"4745","合富-KY","17.70","0.00","17.80","18.10","17.55","18,000","318,250","15","17.70","1","17.85","3","77,449,547","19.45","15.95"
"4747","強生","67.90","+0.70","67.50","67.90","67.10","16,000","1,078,100","13","67.90","1","68.60","4","44,932,346","74.60","61.20"
"4749","新應材","408.50","-2.00","417.00","419.00","402.00","430,000","175,773,500","389","408.50","1","409.00","6","92,562,365","449.00","368.00"
"4754","國碳科","39.75","+0.15","40.00","40.00","39.70","8,000","318,500","8","39.65","1","39.70","1","30,283,215","43.70","35.80"
"4760","勤凱","95.50","+0.40","95.90","98.50","95.50","111,000","10,747,600","77","95.50","2","96.50","1","30,112,650","105.00","86.00"
"4767","誠泰科技","32.80","+0.10","33.00","33.20","31.75","75,000","2,459,650","75","32.60","1","33.00","3","31,415,000","36.05","29.55"
"4768","晶呈科技","113.50","-0.50","113.50","115.00","113.00","117,000","13,342,000","109","113.00","5","113.50","1","45,226,638","124.50","102.50"
"4772","台特化","175.50","+0.50","179.00","179.00","174.50","685,000","120,847,500","563","175.00","7","176.00","12","147,681,552","193.00","158.00"
"4804","大略-KY","3.76","0.00","3.76","3.76","3.76","12,000","45,120","7","3.76","1","3.91","5","49,002,920","4.13","3.39"
"4806","桂田文創","----","---","----","----","----","0","0","0","9.28","4","10.30","113","199,894,185","11.30","9.27"
"4903","聯光通","26.00","+0.15","26.40","26.40","25.30","350,000","9,044,550","270","25.75","3","26.00","16","105,343,714","28.60","23.40"
"4905","台聯電","63.00","+1.10","61.20","63.00","61.00","6,000","368,200","4","61.00","2","62.40","2","29,260,044","69.30","56.70"
"4907","富宇","42.50","-0.05","42.30","42.55","42.10","14,000","593,100","14","42.50","1","42.55","1","118,145,778","46.75","38.25"
"4908","前鼎","69.30","-1.00","71.20","71.40","69.20","235,000","16,507,400","204","69.30","1","69.70","1","78,216,907","76.20","62.40"
"4909","新復興","68.00","-4.30","70.10","71.60","68.00","6,235,000","433,843,000","3,409","68.00","28","68.40","6","93,356,864","74.80","61.20"
"4911","德英","52.60","+0.70","51.70","52.60","51.70","5,000","260,300","3","51.90","1","52.20","1","58,999,600","57.80","47.35"
"4923","力士","37.20","+2.85","34.60","37.75","34.40","1,418,000","51,711,850","877","37.20","9","37.30","1","33,890,800","40.90","33.50"
"4924","欣厚-KY","19.00","+1.10","18.00","19.00","18.00","57,000","1,033,200","17","17.95","15","19.00","1","37,164,409","20.90","17.10"
"4931","新盛力","73.50","-1.30","75.20","75.80","73.50","15,224,000","1,130,350,700","9,284","73.50","20","73.60","2","65,647,761","80.80","66.20"
"4933","友輝","73.40","+0.10","74.00","74.40","73.10","467,000","34,512,000","324","73.40","1","73.50","4","81,930,675","80.70","66.10"
"4939","亞電","20.20","+0.05","20.15","20.30","20.15","518,000","10,449,350","52","20.20","6","20.25","6","98,200,868","22.20","18.20"
"4945","陞達科技","63.20","+0.50","63.40","64.80","63.20","34,000","2,169,300","26","63.20","1","63.30","2","30,021,800","69.50","56.90"
"4946","辣椒","142.50","-3.00","147.00","148.00","141.00","271,000","38,974,000","225","142.00","6","143.50","1","7,810,946","156.50","128.50"
"4950","金耘國際","15.30","-1.70","15.30","15.30","15.30","176,000","2,692,800","89","0.00","0","15.30","2,808","146,759,750","16.80","13.80"
"4951","精拓科","59.70","-0.30","60.60","61.90","59.40","18,000","1,082,400","18","59.50","1","60.00","11","34,148,713","65.60","53.80"
"4953","緯軟","93.80","+1.20","93.00","95.00","92.90","269,000","25,308,600","223","93.70","6","94.00","20","72,965,196","103.00","84.50"
"4966","譜瑞-KY","489.00","-31.00","506.00","507.00","485.00","2,319,000","1,144,358,500","2,012","488.50","1","489.00","3","81,159,963","537.00","440.50"
"4971","IET-KY","94.60","-1.90","98.00","98.90","94.60","1,195,000","115,443,900","925","94.60","9","94.90","10","39,075,343","104.00","85.20"
"4972","湯石照明","21.95","-0.10","22.00","22.40","21.95","29,000","640,150","14","21.95","1","22.00","1","57,996,587","24.10","19.80"
"4973","廣穎","25.20","-1.45","26.60","26.60","25.20","1,101,000","28,301,000","684","25.20","11","25.55","2","65,392,843","27.70","22.70"
"4974","亞泰","93.50","+1.20","93.30","97.50","92.20","1,153,000","109,261,100","990","93.50","1","93.60","1","72,500,104","102.50","84.20"
"4979","華星光","142.00","-1.00","146.00","147.00","142.00","12,063,000","1,744,759,500","7,723","142.00","139","142.50","34","140,839,794","156.00","128.00"
"4987","科誠","71.20","-0.70","71.90","71.90","71.20","12,000","858,400","11","71.20","1","71.40","1","31,878,000","78.30","64.10"
"4991","環宇-KY","91.70","-1.20","93.50","93.90","91.30","9,013,000","832,146,200","5,568","91.60","38","91.80","1","113,432,668","100.50","82.60"
"4995","晶達","57.80","+0.20","57.80","58.80","57.80","11,000","637,700","11","57.70","2","57.90","1","42,320,036","63.50","52.10"
"5009","榮剛","41.10","-0.75","42.10","42.25","41.05","2,100,000","87,000,600","1,309","41.10","42","41.25","1","602,471,197","45.20","37.00"
"5011","久陽","14.00","+0.05","14.05","14.05","13.95","67,000","937,100","33","14.00","3","14.05","1","100,669,738","15.40","12.60"
"5013","強新","27.30","-1.20","27.00","27.40","27.00","358,000","9,680,200","76","27.30","2","27.40","1","133,416,000","30.00","24.60"
"5014","建錩","13.15","-0.05","13.30","13.35","13.10","172,000","2,277,300","103","13.15","34","13.25","8","185,333,054","14.45","11.85"
"5015","華祺","35.40","-0.50","35.95","35.95","35.20","12,000","426,550","9","35.20","3","35.35","1","60,639,189","38.90","31.90"
"5016","松和","----","---","----","----","----","0","0","0","26.05","1","26.50","3","49,622,076","28.95","23.75"
"5201","凱衛","47.75","+2.40","46.30","49.70","43.70","21,804,000","1,011,862,500","14,345","47.75","5","47.85","2","30,674,600","52.50","43.00"
"5202","力新","24.00","+2.15","22.20","24.00","22.10","8,483,000","199,274,100","3,446","24.00","10,764","0.00","0","89,094,000","26.40","21.60"
"5205","中茂","36.75","-2.55","39.10","39.10","36.75","10,000","380,350","10","36.70","1","38.20","1","13,500,000","40.40","33.10"
"5206","坤悅","36.55","-0.10","37.00","37.00","36.35","10,000","365,800","10","36.30","1","36.80","1","155,925,000","40.20","32.90"
"5209","新鼎","139.50","-1.50","140.50","140.50","137.00","23,000","3,195,000","22","138.50","1","139.50","1","28,426,103","153.00","126.00"
"5210","寶碩","25.60","+0.90","24.60","25.60","24.50","483,000","12,096,050","257","25.60","32","25.65","1","82,177,779","28.15","23.05"
"5211","蒙恬","23.90","+0.55","23.55","24.00","23.00","80,000","1,872,850","57","23.50","2","23.90","1","32,024,727","26.25","21.55"
"5212","凌網","52.30","+0.70","51.60","52.60","51.60","16,000","835,500","15","52.00","4","52.20","1","34,633,000","57.50","47.10"
"5213","亞昕","31.85","-0.10","31.95","32.15","31.75","235,000","7,501,250","168","31.75","2","31.85","4","669,629,098","35.00","28.70"
"5220","萬達光電","18.00","-0.50","18.15","18.15","17.95","18,000","324,950","16","18.00","1","18.10","1","39,667,000","19.80","16.20"
"5223","安力-KY","----","---","----","----","----","0","0","0","23.00","1","23.30","1","44,549,781","25.40","20.80"
"5227","立凱-KY","29.80","+0.25","29.65","30.20","29.60","26,000","778,700","18","29.50","2","29.95","2","68,000,000","32.75","26.85"
"5228","鈺鎧","15.95","+0.25","16.70","16.70","15.95","9,000","145,650","7","15.95","2","16.20","1","38,056,253","17.50","14.40"
"5230","雷笛克光學","20.40","+0.10","20.50","20.75","20.40","113,000","2,320,150","64","20.40","7","20.45","1","57,374,730","22.40","18.40"
"5236","凌陽創新","124.00","-1.50","126.50","126.50","123.50","98,000","12,216,000","84","124.00","1","125.00","10","58,443,594","136.00","112.00"
"5245","智晶","21.35","-0.35","21.10","21.45","20.70","46,000","969,000","40","21.00","1","21.35","2","44,990,000","23.45","19.25"
"5251","天鉞電","48.80","+4.40","46.70","48.80","46.50","8,383,000","401,265,900","4,071","48.80","18,401","0.00","0","35,629,377","53.60","43.95"
"5263","智崴","94.90","+1.20","94.30","94.90","93.10","87,000","8,203,700","58","94.00","1","94.90","1","70,558,088","104.00","85.50"
"5272","笙科","20.10","-0.50","21.00","21.05","19.95","284,000","5,804,850","197","20.05","8","20.10","5","55,276,118","22.10","18.10"
"5274","信驊","2,935.00","-60.00","3,080.00","3,080.00","2,930.00","458,000","1,373,720,000","437","2,935.00","5","2,940.00","1","37,820,679","3,225.00","2,645.00"
"5276","達輝-KY","14.80","0.00","14.80","15.00","14.80","6,000","89,200","5","14.70","2","14.90","1","39,500,000","16.25","13.35"
"5278","尚凡*","27.55","除息","27.35","28.05","27.00","63,000","1,727,050","41","27.00","2","27.55","13","300,000,000","30.30","24.80"
"5287","數字","172.00","-0.50","172.50","173.00","172.00","21,000","3,624,000","15","171.50","2","173.00","1","59,999,050","189.00","155.00"
"5289","宜鼎","234.50","-2.50","237.00","240.00","233.50","228,000","53,840,000","198","234.50","2","235.50","1","91,490,095","257.50","211.50"
"5291","邑昇","23.90","-0.10","24.40","24.45","23.90","18,000","432,900","13","23.90","2","23.95","1","40,925,606","26.25","21.55"
"5299","杰力","75.90","+0.70","74.90","76.00","74.90","32,000","2,419,700","30","75.60","4","75.90","2","50,888,981","83.40","68.40"
"5301","寶得利","6.02","-0.06","6.10","6.32","6.02","48,000","293,160","23","6.04","5","6.19","2","142,752,571","6.62","5.42"
"5302","太欣","7.20","+0.06","7.05","7.20","7.05","89,000","636,300","33","7.15","1","7.21","2","159,888,349","7.92","6.48"
"5309","系統電","34.40","-0.10","35.00","35.10","34.25","1,093,000","37,773,250","639","34.40","10","34.50","31","191,748,975","37.80","31.00"
"5310","天剛","45.75","-1.15","46.20","46.50","45.75","14,000","644,500","13","45.70","2","46.55","1","28,943,517","50.30","41.20"
"5312","寶島科","124.50","+2.50","124.50","124.50","122.50","148,000","18,361,000","117","124.00","15","124.50","5","60,059,898","136.50","112.50"
"5314","世紀*","55.60","+5.00","50.70","55.60","50.70","2,223,000","121,666,000","863","55.60","452","0.00","0","294,000,000","61.10","50.10"
"5315","光聯","20.45","+0.05","20.60","20.70","20.40","373,000","7,637,300","206","20.45","11","20.55","18","106,351,832","22.45","18.45"
"5321","美而快","41.10","-0.70","42.85","44.20","41.10","187,000","8,002,650","160","41.05","1","41.50","3","53,179,802","45.20","37.00"
"5324","士開","10.70","-0.15","10.70","10.75","10.65","81,000","869,450","17","10.65","8","10.75","9","226,379,090","11.75","9.63"
"5328","華容","12.80","+0.15","12.75","12.85","12.65","366,000","4,668,050","165","12.75","2","12.80","28","172,710,724","14.05","11.55"
"5340","建榮","30.45","-0.10","30.80","31.00","30.40","87,000","2,666,600","67","30.45","1","30.55","2","194,893,964","33.45","27.45"
"5344","立衛","13.10","0.00","13.10","13.10","13.10","2,000","26,200","2","13.00","1","13.15","1","79,447,460","14.40","11.80"
"5345","天揚","23.40","-0.15","23.55","23.65","23.20","17,000","397,700","14","23.10","2","23.45","3","37,795,000","25.70","21.10"
"5347","世界","91.20","-0.10","91.30","91.80","89.30","5,529,000","501,474,500","3,030","90.20","3","91.20","2","1,866,646,683","100.00","82.10"
"5348","正能量智能","21.80","0.00","22.20","22.20","21.75","3,000","65,750","3","21.35","1","21.75","1","14,775,917","23.95","19.65"
"5351","鈺創","23.05","-0.15","23.65","23.90","22.95","518,000","12,042,600","321","23.05","8","23.25","6","325,595,781","25.35","20.75"
"5353","台林","25.10","0.00","24.75","25.75","24.75","42,000","1,061,900","33","25.10","4","25.20","1","75,198,000","27.60","22.60"
"5355","佳總","8.13","-0.04","8.17","8.17","8.00","17,000","137,370","13","8.04","2","8.13","15","166,122,792","8.94","7.32"
"5356","協益","28.65","0.00","28.70","28.90","28.50","270,000","7,755,700","161","28.65","2","28.70","8","103,040,000","31.50","25.80"
"5364","力麗店","21.95","-0.40","22.90","22.90","21.00","15,000","329,000","14","20.95","2","22.00","1","63,849,940","24.10","19.80"
"5371","中光電","62.20","-0.20","63.00","63.20","61.70","1,503,000","93,771,400","1,014","62.20","13","62.30","24","390,981,110","68.40","56.00"
"5381","合正","17.00","+0.10","17.05","17.10","16.85","87,000","1,476,550","55","16.95","5","17.10","2","243,726,837","18.70","15.30"
"5386","青雲","62.40","+1.30","63.00","64.00","62.30","180,000","11,323,900","154","62.40","4","62.60","1","31,711,299","68.60","56.20"
"5392","能率","28.55","+0.50","28.70","29.10","28.05","3,616,000","103,666,650","1,994","28.50","15","28.55","1","168,958,990","31.40","25.70"
"5398","慕康生醫","16.90","-0.25","17.20","17.20","16.90","18,000","305,700","16","16.85","1","16.95","1","49,465,460","18.55","15.25"
"5403","中菲","120.00","+1.00","119.50","120.50","119.50","60,000","7,194,500","49","119.50","3","120.00","1","76,256,495","132.00","108.00"
"5410","國眾","31.40","+2.75","29.10","31.50","28.60","5,561,000","169,486,650","1,910","31.30","7","31.40","40","91,299,123","34.50","28.30"
"5425","台半","42.75","+0.70","42.20","43.00","42.05","744,000","31,596,250","508","42.65","4","42.75","2","263,485,486","47.00","38.50"
"5426","振發","21.80","-0.15","22.20","22.60","21.70","512,000","11,310,050","353","21.80","2","21.85","4","143,800,000","23.95","19.65"
"5432","新門","132.50","+2.50","134.00","134.00","128.00","183,000","23,953,000","165","131.50","1","132.50","2","20,687,804","145.50","119.50"
"5438","東友","18.75","+0.10","18.75","19.05","18.65","197,000","3,709,100","119","18.75","8","19.00","1","112,536,565","20.60","16.90"
"5439","高技","133.00","+2.50","132.50","140.50","132.50","26,327,000","3,571,015,000","15,776","133.00","68","133.50","19","92,975,752","146.00","120.00"
"5443","均豪","67.50","-0.70","69.00","70.70","66.40","6,413,000","438,420,300","4,420","67.30","1","67.50","35","165,136,144","74.20","60.80"
"5450","南良","14.90","-0.10","15.00","15.05","14.90","14,000","209,500","10","14.80","2","14.90","1","122,403,239","16.35","13.45"
"5452","佶優","27.45","-0.55","28.15","28.20","27.25","661,000","18,219,850","419","27.45","9","27.50","14","148,763,669","30.15","24.75"
"5455","昇益","37.80","+0.15","37.95","37.95","37.80","3,000","113,600","3","36.05","1","37.75","1","65,501,813","41.55","34.05"
"5457","宣德","40.35","+0.20","40.55","40.90","40.15","240,000","9,702,100","176","40.35","5","40.40","2","174,836,500","44.35","36.35"
"5460","同協","12.55","0.00","12.70","12.70","12.50","29,000","363,450","25","12.50","4","12.60","2","58,778,130","13.80","11.30"
"5464","霖宏","22.70","-0.05","22.50","22.95","22.15","36,000","810,550","31","22.55","1","22.75","2","71,071,490","24.95","20.45"
"5465","富驊","30.75","+0.25","30.90","31.15","30.55","106,000","3,269,000","81","30.70","4","30.75","1","147,682,629","33.80","27.70"
"5468","凱鈺","17.30","+0.10","17.55","17.55","17.05","8,000","137,750","7","17.00","6","17.30","2","35,822,909","19.00","15.60"
"5474","聰泰","134.00","+1.00","135.00","138.00","133.00","348,000","46,945,000","300","133.50","8","134.00","1","40,355,944","147.00","121.00"
"5475","德宏","10.35","+0.05","10.50","10.80","10.35","117,000","1,227,450","58","10.30","42","10.45","3","127,127,017","11.35","9.32"
"5478","智冠","102.00","0.00","103.00","103.00","101.50","47,000","4,809,500","45","101.50","5","102.00","1","156,074,332","112.00","91.80"
"5481","新華","29.10","+0.30","28.80","29.10","28.60","281,000","8,122,550","122","28.85","1","29.10","7","71,402,891","32.00","26.20"
"5483","中美晶","101.50","-0.50","103.00","104.50","101.00","2,910,000","297,594,000","1,708","101.00","86","101.50","41","641,221,651","111.50","91.40"
"5487","通泰","30.80","+0.25","31.50","31.50","30.10","12,000","365,850","11","29.65","2","30.10","1","24,222,516","33.85","27.75"
"5488","松普","8.58","-0.01","8.65","8.79","8.43","194,000","1,661,980","105","8.58","3","8.60","5","91,586,124","9.43","7.73"
"5489","彩富","59.10","+2.80","57.00","61.90","56.60","10,427,000","619,216,300","6,868","59.00","9","59.10","34","102,706,441","65.00","53.20"
"5490","同亨","22.25","-0.15","22.40","22.55","21.85","54,000","1,194,500","47","22.25","3","22.30","4","96,152,201","24.45","20.05"
"5493","三聯","63.20","-1.00","64.20","65.00","63.00","104,000","6,649,300","83","63.10","4","63.60","1","43,689,255","69.50","56.90"
"5498","凱崴","8.73","-0.03","8.80","8.80","8.72","99,000","865,230","59","8.73","8","8.74","1","192,448,545","9.60","7.86"
"5508","永信建","121.00","-1.00","123.00","123.00","120.50","294,000","35,696,500","238","121.00","12","121.50","2","217,428,133","133.00","109.00"
"5511","德昌","54.80","0.00","55.80","55.80","54.80","34,000","1,867,700","26","54.80","5","54.90","1","113,440,000","60.20","49.35"
"5512","力麒","8.67","+0.01","8.70","8.80","8.65","415,000","3,610,900","200","8.67","2","8.68","1","766,312,494","9.53","7.81"
"5514","三豐","19.30","+0.45","19.30","19.30","19.30","1,000","19,300","1","18.00","1","19.00","1","227,036,807","21.20","17.40"
"5516","雙喜","16.40","+0.30","16.40","16.40","16.40","1,000","16,400","1","15.75","1","16.45","5","51,545,223","18.00","14.80"
"5520","力泰","76.30","0.00","76.00","76.30","76.00","5,000","380,300","4","76.30","1","76.70","1","59,975,245","83.90","68.70"
"5523","豐謙","30.65","+0.15","30.50","30.70","30.50","11,000","336,100","6","30.25","2","30.50","2","155,001,464","33.70","27.60"
"5529","鉅陞","32.40","+2.90","29.35","32.40","28.60","90,000","2,708,250","65","29.45","7","32.40","2","101,837,481","35.60","29.20"
"5530","龍巖","68.80","+0.40","68.70","69.40","68.20","398,000","27,354,000","293","68.60","1","68.80","3","420,084,199","75.60","62.00"
"5536","聖暉*","384.50","+12.50","375.00","386.00","375.00","1,057,000","404,054,500","928","384.00","1","384.50","4","124,080,930","422.50","346.50"
"5543","桓鼎-KY","----","---","----","----","----","0","0","0","17.35","1","18.15","1","45,483,593","19.95","16.35"
"5548","安倉","26.35","+0.15","26.00","26.40","25.95","5,000","131,100","5","25.75","1","26.00","1","56,460,500","28.95","23.75"
"5601","台聯櫃","37.80","+0.50","37.35","37.80","37.35","7,000","263,150","6","37.45","1","38.45","1","64,800,000","41.55","34.05"
"5603","陸海","21.55","+0.20","21.35","21.75","21.35","57,000","1,228,750","34","21.50","18","21.70","1","104,876,607","23.70","19.40"
"5604","中連","----","---","----","----","----","0","0","0","36.80","1","37.30","1","108,782,968","40.70","33.30"
"5609","中菲行","75.50","+0.30","75.40","75.80","75.30","38,000","2,867,300","33","75.40","1","75.50","4","142,884,000","83.00","68.00"
"5701","劍湖山","5.30","-0.10","5.20","5.31","5.20","35,000","185,480","10","5.30","1","5.35","1","143,000,000","5.83","4.77"
"5703","亞都","16.05","+0.05","16.00","16.05","16.00","5,000","80,050","4","16.05","3","16.25","1","70,239,594","17.65","14.45"
"5704","老爺知","24.95","+0.05","25.40","25.60","24.95","9,000","228,000","9","24.85","1","24.90","1","38,861,658","27.40","22.50"
"5864","致和證","12.40","-0.10","12.65","12.65","12.40","334,000","4,175,100","121","12.40","39","12.45","3","420,829,234","13.60","11.20"
"5878","台名","----","---","----","----","----","0","0","0","41.30","1","42.20","1","25,024,303","45.40","37.20"
"5902","德記","43.55","+0.10","43.50","43.80","43.25","15,000","654,300","13","43.40","1","43.55","2","94,500,000","47.90","39.20"
"5903","全家","207.50","+2.50","206.00","207.50","205.00","225,000","46,442,500","199","207.00","1","207.50","16","223,220,000","228.00","187.00"
"5904","寶雅","473.00","+7.00","475.50","478.00","468.50","209,000","99,115,000","198","473.00","11","476.00","1","104,936,216","520.00","426.00"
"5905","南仁湖","11.60","-0.15","11.80","11.80","11.50","541,000","6,302,400","177","11.60","8","11.65","10","272,154,140","12.75","10.45"
"6015","宏遠證","9.97","-0.03","9.98","10.00","9.94","359,000","3,582,070","105","9.97","7","9.98","11","391,905,682","10.95","8.98"
"6016","康和證","11.20","-0.05","11.35","11.35","11.15","442,000","4,960,400","182","11.20","9","11.25","56","624,177,735","12.30","10.10"
"6020","大展證","18.60","0.00","18.60","18.60","18.50","4,000","74,300","3","18.50","4","18.60","3","252,353,154","20.45","16.75"
"6021","美好證","20.50","-0.15","21.10","21.10","20.45","41,000","842,650","31","20.50","3","20.55","1","312,615,974","22.55","18.45"
"6023","元大期","81.60","+0.80","80.80","82.30","80.50","190,000","15,526,300","137","81.50","4","81.70","1","319,976,288","89.70","73.50"
"6026","福邦證","11.90","0.00","11.95","11.95","11.85","382,000","4,545,500","165","11.85","39","11.95","66","396,161,841","13.05","10.75"
"6101","寬魚國際","38.90","+0.15","38.95","39.50","38.65","149,000","5,807,150","120","38.80","2","38.90","5","116,422,371","42.75","35.05"
"6103","合邦","46.70","-0.45","45.55","46.70","45.55","2,000","92,250","2","42.70","1","46.60","4","13,604,891","51.30","42.05"
"6104","創惟","131.50","+3.00","130.00","132.00","126.00","7,276,000","938,765,000","4,028","131.00","8","131.50","19","91,027,474","144.50","118.50"
"6109","亞元","9.88","+0.04","9.95","9.99","9.82","29,000","286,870","22","9.83","2","9.88","6","67,825,414","10.85","8.90"
"6111","大宇資","50.90","+1.00","50.40","51.10","50.00","316,000","15,981,600","216","50.80","2","50.90","3","109,186,051","55.90","45.85"
"6113","亞矽","25.60","+2.30","23.55","25.60","22.75","4,162,000","103,042,900","2,086","25.60","1,569","0.00","0","52,549,455","28.15","23.05"
"6114","久威","35.65","-0.75","36.70","36.80","35.65","71,000","2,564,600","59","35.65","5","36.30","4","43,911,937","39.20","32.10"
"6118","建達","15.80","-0.05","15.90","16.20","15.80","159,000","2,544,750","121","15.80","35","15.90","1","90,889,573","17.35","14.25"
"6121","新普","345.50","+9.00","338.00","345.50","335.00","519,000","177,952,500","438","345.00","1","345.50","5","184,970,519","380.00","311.00"
"6122","擎邦","44.45","+0.05","44.10","44.95","44.10","99,000","4,407,200","80","44.30","2","44.45","3","78,091,632","48.85","40.05"
"6123","上奇","51.00","0.00","51.00","51.00","50.70","29,000","1,477,000","25","50.90","1","51.20","1","62,089,430","56.10","45.90"
"6124","業強","23.85","+0.20","23.75","23.85","23.75","3,000","71,450","3","23.90","1","24.00","1","182,479,945","26.20","21.50"
"6125","廣運","59.60","-0.80","60.60","61.30","59.50","1,155,000","69,477,200","848","59.60","3","59.70","3","259,011,150","65.50","53.70"
"6126","信音","22.70","+0.35","22.50","22.75","22.40","121,000","2,725,700","77","22.70","5","22.75","2","127,826,906","24.95","20.45"
"6127","九豪","16.50","-0.15","16.80","16.90","16.30","178,000","2,969,550","111","16.50","2","16.55","1","108,079,751","18.15","14.85"
"6129","普誠","11.70","-0.10","11.85","11.85","11.65","72,000","844,600","49","11.65","13","11.75","2","180,943,675","12.85","10.55"
"6130","上亞科技","35.00","+0.40","34.80","35.95","34.80","56,000","1,962,300","37","34.95","8","35.50","3","44,300,000","38.50","31.50"
"6134","萬旭","19.00","-0.05","19.10","19.35","18.95","185,000","3,534,500","109","19.00","9","19.10","7","81,454,221","20.90","17.10"
"6138","茂達","142.00","-1.00","146.00","146.00","142.00","505,000","72,397,500","409","141.50","30","142.50","4","75,148,500","156.00","128.00"
"6140","訊達","45.10","+0.40","45.10","49.00","44.10","87,492,000","4,039,556,450","49,989","45.05","14","45.10","1","49,907,054","49.60","40.60"
"6143","振曜","111.50","+1.50","111.50","112.50","109.00","1,070,000","118,741,000","765","111.50","3","112.00","87","87,506,897","122.50","100.50"
"6144","得利影","23.00","-1.00","24.00","24.15","22.50","41,000","943,000","38","22.50","1","22.90","1","38,273,701","25.30","20.70"
"6146","耕興","172.00","-1.00","175.00","175.00","172.00","29,000","5,006,000","27","172.00","5","173.00","3","101,867,199","189.00","155.00"
"6147","頎邦","59.70","-0.50","60.30","60.60","59.70","1,237,000","74,259,400","925","59.70","5","59.80","10","744,675,539","65.60","53.80"
"6148","驊宏資","67.40","+2.40","67.80","71.50","66.70","45,443,000","3,140,902,200","27,330","67.40","105","67.50","29","46,603,757","74.10","60.70"
"6150","撼訊","57.20","+0.10","58.10","58.70","57.00","121,000","6,977,400","88","57.10","1","57.50","1","48,345,985","62.90","51.50"
"6151","晉倫","28.05","+0.25","28.30","28.35","28.00","124,000","3,488,400","88","28.00","61","28.10","1","55,257,300","30.85","25.25"
"6154","順發","13.85","-0.05","13.90","14.20","13.85","26,000","364,450","19","13.80","9","14.00","2","80,080,000","15.20","12.50"
"6156","松上","25.35","+0.25","25.15","25.90","25.15","703,000","17,917,600","350","25.35","3","25.40","1","107,875,010","27.85","22.85"
"6158","禾昌","23.00","0.00","23.40","23.40","22.80","22,000","505,350","18","22.85","1","23.00","2","54,979,288","25.30","20.70"
"6160","欣技","18.40","+1.30","17.35","18.70","17.30","980,000","17,955,550","656","18.40","1","18.45","6","68,489,120","20.20","16.60"
"6161","捷波","43.35","+0.55","43.30","43.65","43.00","75,000","3,240,750","34","43.25","2","43.40","1","56,237,477","47.65","39.05"
"6163","華電網","19.20","+0.05","19.20","19.60","19.00","346,000","6,663,000","211","19.20","2","19.25","3","141,050,234","21.10","17.30"
"6167","久正","10.55","-0.05","10.60","10.75","10.50","90,000","953,900","39","10.50","31","10.55","2","162,173,221","11.60","9.50"
"6169","昱泉","21.20","+0.60","20.80","21.20","20.55","97,000","2,018,650","87","21.20","1","21.35","1","23,394,960","23.30","19.10"
"6170","統振","48.00","+0.05","48.20","48.60","47.95","207,000","9,961,750","130","47.90","6","48.00","1","97,260,038","52.80","43.20"
"6171","大城地產","----","---","----","----","----","0","0","0","33.60","2","33.80","1","100,000,000","37.15","30.45"
"6173","信昌電","34.00","+0.10","34.10","34.45","33.90","147,000","5,024,150","109","34.00","4","34.05","3","172,000,000","37.40","30.60"
"6174","安碁","18.80","+0.10","18.80","19.35","18.80","146,000","2,771,800","105","18.80","2","18.85","1","50,000,000","20.65","16.95"
"6175","立敦","32.25","+0.20","32.65","33.00","32.25","447,000","14,486,100","347","32.25","9","32.30","2","150,571,812","35.45","29.05"
"6179","亞通","21.80","-0.05","22.10","22.25","21.65","147,000","3,217,550","99","21.65","5","21.80","5","116,669,249","23.95","19.65"
"6180","橘子","72.00","+0.50","71.50","72.50","71.50","670,000","48,301,200","499","72.00","3","72.10","2","175,493,573","79.20","64.80"
"6182","合晶","19.60","0.00","19.80","19.85","19.60","610,000","11,996,450","339","19.60","13","19.65","1","573,613,730","21.55","17.65"
"6185","幃翔","16.30","-0.10","16.65","16.65","15.90","207,000","3,368,800","124","16.30","2","16.35","2","149,867,531","17.90","14.70"
"6186","新潤","59.00","-0.60","59.60","59.90","58.50","267,000","15,747,000","186","58.80","1","59.00","1","172,484,600","64.90","53.10"
"6187","萬潤","247.00","+12.00","243.50","254.50","240.50","5,756,000","1,424,098,000","4,609","246.50","3","247.00","3","97,721,682","271.50","222.50"
"6188","廣明","75.90","-0.10","77.40","77.80","75.50","905,000","69,367,700","674","75.90","9","76.00","6","278,358,910","83.40","68.40"
"6190","萬泰科","36.25","0.00","36.55","36.55","35.60","4,919,000","177,432,550","2,779","36.20","4","36.25","36","163,659,715","39.85","32.65"
"6194","育富","32.85","-0.15","33.10","33.20","32.75","65,000","2,139,150","39","32.80","2","32.90","1","48,000,000","36.10","29.60"
"6195","詩肯","30.20","+0.05","30.10","30.20","30.00","9,000","271,200","8","30.10","2","30.35","1","50,192,942","33.20","27.20"
"6198","瑞築","33.80","-1.00","34.00","34.00","33.50","12,000","405,300","10","33.80","9","34.80","2","171,400,350","37.15","30.45"
"6199","天品","104.50","-1.50","106.50","108.00","102.50","161,000","17,007,000","118","104.50","3","105.00","2","61,760,018","114.50","94.10"
"006201","元大富櫃50","18.10","+0.20","18.00","18.12","17.88","63,000","1,136,000","43","18.01","2","18.10","1","18,446,000","19.91","16.29"
"6203","海韻電","60.70","+0.20","61.20","61.20","60.10","129,000","7,824,400","112","60.60","1","60.80","3","82,406,370","66.70","54.70"
"6204","艾華","52.80","-2.50","56.10","56.10","52.40","89,000","4,793,100","78","52.80","7","53.10","1","23,102,080","58.00","47.55"
"6207","雷科","41.60","+1.20","40.75","42.00","39.85","953,000","39,424,350","618","41.60","14","41.65","1","79,679,910","45.75","37.45"
"6208","日揚","42.60","+0.35","42.00","42.95","42.00","84,000","3,564,250","70","42.60","1","42.65","5","94,561,343","46.85","38.35"
"6210","慶生","18.20","0.00","18.35","18.35","18.20","2,000","36,550","2","18.15","5","18.30","1","35,048,000","20.00","16.40"
"6212","理銘","45.35","-0.15","44.65","45.95","44.65","15,000","674,300","10","44.75","1","45.35","1","102,000,000","49.85","40.85"
"6217","中探針","26.80","-0.20","27.00","27.35","26.65","141,000","3,795,350","102","26.70","3","27.00","28","118,108,018","29.45","24.15"
"6218","豪勉","19.35","+1.75","17.70","19.35","17.70","241,000","4,565,650","154","19.35","460","0.00","0","64,262,000","21.25","17.45"
"6219","富旺","28.00","-0.10","28.25","28.25","27.30","155,000","4,318,200","114","27.80","2","28.00","3","119,016,276","30.80","25.20"
"6220","岳豐","21.55","+0.05","21.70","21.75","21.50","47,000","1,011,900","29","21.55","18","21.60","1","146,462,640","23.70","19.40"
"6221","晉泰","63.60","+5.20","59.00","64.20","58.30","1,332,000","83,851,300","807","63.50","5","63.60","4","124,832,375","69.90","57.30"
"6222","立軒","22.15","-0.45","22.60","22.60","22.10","18,000","399,900","14","22.10","2","22.50","6","59,588,878","24.35","19.95"
"6223","旺矽","623.00","+10.00","614.00","655.00","614.00","6,223,000","3,955,814,000","5,208","623.00","71","624.00","2","94,231,106","685.00","561.00"
"6227","茂綸","86.60","+4.30","83.00","89.70","83.00","6,322,000","549,649,000","4,547","86.60","5","86.80","62","76,111,786","95.20","78.00"
"6228","全譜","47.70","+4.30","44.40","47.70","41.90","315,000","14,169,200","242","47.70","64","0.00","0","26,000,000","52.40","42.95"
"6229","研通","23.40","+0.50","23.20","23.40","22.90","127,000","2,938,950","68","23.15","1","23.40","1","40,360,700","25.70","21.10"
"6231","系微","238.50","-4.00","244.00","244.50","237.50","548,000","131,352,500","501","238.00","2","238.50","3","45,652,186","262.00","215.00"
"6233","旺玖","19.60","-0.05","19.65","20.00","19.45","218,000","4,295,400","142","19.60","2","19.65","2","81,081,896","21.55","17.65"
"6234","高僑","20.95","+0.15","21.10","21.15","20.75","307,000","6,414,250","144","20.85","15","20.95","1","100,386,398","23.00","18.90"
"6236","中湛","----","---","----","----","----","0","0","0","25.50","1","27.90","2","41,654,039","30.65","25.15"
"6237","驊訊","33.55","-0.05","33.80","34.20","33.50","191,000","6,452,450","163","33.50","11","33.60","1","79,645,371","36.90","30.20"
"6240","松崗","19.15","-0.40","19.40","19.65","19.10","18,000","348,550","14","19.10","1","19.35","2","22,867,370","21.05","17.25"
"6241","易通展","12.10","-0.15","12.40","12.40","12.05","19,000","230,750","15","12.10","2","12.15","10","48,700,000","13.30","10.90"
"6242","立康","----","---","----","----","----","0","0","0","40.80","2","41.80","2","31,806,500","45.95","37.65"
"6244","茂迪","18.85","-0.65","19.25","19.70","18.70","3,970,000","75,989,650","1,824","18.85","47","19.00","13","387,041,875","20.70","17.00"
"6245","立端","83.40","0.00","83.80","84.10","82.80","529,000","44,182,500","383","83.40","1","83.50","1","146,200,303","91.70","75.10"
"6246","臺龍","12.90","+0.05","13.35","13.40","12.90","38,000","500,300","30","12.80","3","12.95","4","37,851,415","14.15","11.65"
"6248","沛波","24.60","+0.25","24.40","24.65","24.40","72,000","1,765,500","48","24.60","2","24.65","1","99,956,149","27.05","22.15"
"6259","百徽","16.85","0.00","16.85","16.85","16.60","33,000","554,100","18","16.80","1","16.85","1","25,093,230","18.50","15.20"
"6261","久元","60.10","0.00","60.70","60.80","60.10","77,000","4,650,000","53","60.10","4","60.50","1","128,497,989","66.10","54.10"
"6263","普萊德","137.50","0.00","137.50","137.50","136.50","21,000","2,881,000","21","137.50","1","138.00","2","62,500,964","151.00","124.00"
"6264","富裔","7.90","+0.06","7.86","8.02","7.84","37,000","292,730","23","7.86","1","7.93","23","125,855,291","8.69","7.11"
"6265","方土昶","9.64","-0.02","9.88","9.88","9.64","95,000","922,310","55","9.63","2","9.66","1","118,172,151","10.60","8.68"
"6266","泰詠","31.80","-0.15","32.10","32.15","31.75","164,000","5,229,800","108","31.80","5","31.85","1","145,006,834","34.95","28.65"
"6270","倍微","22.90","+0.30","23.10","24.20","22.35","336,000","7,822,600","237","22.90","2","23.05","6","72,145,759","25.15","20.65"
"6274","台燿","127.50","+1.50","127.00","130.00","125.50","3,156,000","402,514,500","2,202","127.50","85","128.00","42","276,292,413","140.00","115.00"
"6275","元山","38.50","-0.35","39.10","39.40","38.50","177,000","6,882,700","115","38.50","10","38.70","3","78,675,257","42.35","34.65"
"6276","安鈦克","37.20","-0.35","37.60","37.90","37.00","39,000","1,464,900","32","37.50","3","37.90","7","22,043,000","40.90","33.50"
"6279","胡連","148.00","+5.00","155.00","157.00","147.50","4,225,000","643,714,000","2,879","147.50","54","148.00","12","105,359,647","162.50","133.50"
"6284","佳邦","64.90","+0.30","65.10","65.10","64.10","633,000","40,937,000","413","64.80","1","64.90","2","148,980,341","71.30","58.50"
"6287","元隆","9.00","-0.46","9.00","9.00","9.00","27,000","243,000","8","9.00","1","10.15","1","121,450,615","9.90","8.10"
"6290","良維","70.70","+0.40","71.40","71.40","70.50","975,000","69,152,000","598","70.60","25","70.80","8","159,078,724","77.70","63.70"
"6291","沛亨","78.40","-0.40","79.00","79.00","78.40","17,000","1,337,000","15","78.30","1","78.70","1","42,000,000","86.20","70.60"
"6292","迅德","50.40","+0.10","50.30","51.00","50.30","29,000","1,469,400","28","50.40","3","50.60","1","46,900,712","55.40","45.40"
"6294","智基","56.20","-0.40","57.00","57.00","56.20","5,000","283,100","5","56.30","2","56.80","1","24,572,741","61.80","50.60"
"6411","晶焱","70.20","+0.10","70.00","71.30","70.00","211,000","14,823,600","91","70.20","2","70.30","1","98,983,831","77.20","63.20"
"6417","韋僑","84.10","-0.30","83.10","84.20","80.20","102,000","8,467,400","91","83.40","1","84.10","2","42,274,000","92.50","75.70"
"6418","詠昇","16.90","+0.25","16.65","17.00","16.60","41,000","688,750","28","16.75","1","16.90","1","34,522,000","18.55","15.25"
"6419","京晨科","70.60","-0.40","71.10","71.10","69.30","12,000","842,000","12","69.70","1","70.60","1","13,159,170","77.60","63.60"
"6425","易發","50.00","-0.20","50.50","51.70","49.85","190,000","9,603,650","131","50.00","7","50.20","5","48,602,000","55.00","45.00"
"6432","今展科","26.25","-0.05","26.50","26.80","26.10","22,000","579,200","21","26.10","2","26.35","1","32,241,771","28.85","23.65"
"6435","大中","88.30","+1.50","86.30","89.20","86.30","139,000","12,304,900","111","88.20","1","88.60","1","37,476,300","97.10","79.50"
"6441","廣錠","22.70","-0.05","22.80","23.60","22.65","49,000","1,118,650","40","22.70","1","22.80","1","53,318,429","24.95","20.45"
"6461","益得","17.40","-0.20","17.35","17.50","17.35","11,000","191,800","10","17.35","13","17.65","2","137,944,000","19.10","15.70"
"6462","神盾","94.20","-1.50","97.40","97.40","94.20","294,000","28,007,800","231","94.20","3","94.40","2","101,250,754","103.50","84.80"
"6465","威潤","12.60","-0.90","13.20","13.20","12.60","59,000","761,350","34","12.50","4","13.10","1","51,899,746","13.85","11.35"
"6469","大樹","159.00","+2.50","157.50","160.50","157.50","276,000","43,905,500","243","158.50","31","159.50","2","132,392,163","174.50","143.50"
"6470","宇智","45.55","+0.70","44.85","46.00","44.85","89,000","4,046,200","76","45.40","1","45.55","1","37,694,100","50.10","41.00"
"6482","弘煜科","70.60","+2.80","66.70","72.00","65.70","374,000","25,832,400","285","70.20","3","70.60","1","23,862,053","77.60","63.60"
"6485","點序","50.80","-0.70","52.40","52.60","50.70","85,000","4,367,200","70","50.80","1","51.20","2","45,247,008","55.80","45.75"
"6486","互動","75.90","-0.30","76.60","76.60","74.70","98,000","7,401,200","70","75.90","1","76.10","1","50,893,286","83.40","68.40"
"6488","環球晶","286.50","-3.50","289.50","291.50","284.50","1,102,000","316,688,500","953","286.50","5","287.00","5","478,113,725","315.00","258.00"
"6492","生華科","31.90","-0.25","32.90","33.05","31.80","70,000","2,255,450","47","31.85","4","31.95","1","89,743,620","35.05","28.75"
"6494","九齊","39.95","+0.55","40.15","40.15","39.60","18,000","717,100","16","39.60","1","39.95","3","31,559,690","43.90","36.00"
"6496","科懋","26.05","-0.35","25.55","26.40","25.55","27,000","703,900","10","26.05","3","26.15","1","47,563,659","28.65","23.45"
"6499","益安","48.20","+0.30","48.75","49.50","48.05","144,000","6,979,850","114","48.20","1","48.25","1","92,244,893","53.00","43.40"
"6506","雙邦","14.60","-0.10","14.70","14.70","14.60","13,000","190,050","12","14.60","1","14.70","2","82,360,826","16.05","13.15"
"6508","惠光","27.05","+0.05","26.75","27.10","26.75","27,000","729,600","20","27.00","10","27.10","1","86,538,864","29.75","24.35"
"6509","聚和","30.30","-0.20","30.50","30.65","30.30","151,000","4,599,750","112","30.30","12","30.35","1","199,490,326","33.30","27.30"
"6510","精測","694.00","+18.00","673.00","711.00","671.00","1,367,000","951,769,000","1,280","694.00","8","698.00","1","32,789,022","763.00","625.00"
"6512","啟發電","20.60","+0.25","20.60","20.60","20.60","1,000","20,600","1","20.30","1","21.90","1","25,260,000","22.65","18.55"
"6516","勤崴國際","74.40","+0.20","75.00","77.60","74.00","106,000","8,037,800","89","74.30","1","74.40","2","56,336,935","81.80","67.00"
"6517","保勝光學","61.20","-0.20","61.50","61.50","60.10","397,000","24,137,100","293","61.20","2","61.30","1","30,579,053","67.30","55.10"
"6523","達爾膚","131.50","+1.50","130.00","131.50","130.00","47,000","6,154,000","42","131.00","3","131.50","8","45,047,625","144.50","118.50"
"6527","明達醫","----","---","----","----","----","0","0","0","79.10","2","81.40","1","25,458,550","89.50","73.30"
"6530","創威","50.10","+1.45","53.50","53.50","49.60","4,348,000","223,543,800","2,681","50.10","11","50.30","3","33,750,000","55.10","45.10"
"6532","瑞耘","59.90","+0.10","59.80","60.90","59.10","32,000","1,922,500","28","59.80","3","60.00","2","37,445,147","65.80","54.00"
"6535","順藥","155.00","-3.50","160.00","160.00","155.00","142,000","22,275,500","112","154.50","4","155.00","2","168,896,825","170.50","139.50"
"6538","倉和","95.70","+0.40","95.30","97.00","94.20","70,000","6,663,400","64","95.10","2","95.80","3","38,103,000","105.00","86.20"
"6542","隆中","59.60","+0.50","59.10","60.90","59.10","17,000","1,019,800","12","59.20","1","59.80","1","42,000,630","65.50","53.70"
"6546","正基","90.20","+0.50","91.00","91.10","89.00","705,000","63,407,100","548","90.10","1","90.30","3","66,848,449","99.20","81.20"
"6547","高端疫苗","48.80","+0.45","48.50","49.00","48.00","846,000","41,069,700","479","48.75","8","48.80","2","328,749,050","53.60","43.95"
"6548","長科*","35.75","+0.20","35.50","36.20","35.35","1,521,000","54,478,600","786","35.75","6","35.80","4","950,488,700","39.30","32.20"
"6556","勝品","----","---","----","----","----","0","0","0","73.40","1","78.30","1","28,750,000","86.10","70.50"
"6560","欣普羅","34.30","+2.70","31.30","34.65","31.30","273,000","9,115,100","245","34.30","3","34.45","1","25,874,715","37.70","30.90"
"6561","是方","401.50","+0.50","411.50","411.50","401.50","29,000","11,754,500","27","401.50","2","404.00","1","77,958,370","441.50","361.50"
"6568","宏觀","93.50","-2.30","94.00","94.40","93.00","35,000","3,283,500","31","93.50","1","93.90","1","31,008,000","102.50","84.20"
"6569","醫揚","121.00","-2.00","122.00","122.00","121.00","11,000","1,339,500","11","121.00","4","121.50","1","38,730,745","133.00","109.00"
"6570","維田","39.30","+0.45","39.45","39.75","38.85","59,000","2,318,600","48","39.25","2","39.35","1","37,119,170","43.20","35.40"
"6574","霈方","52.20","0.00","52.30","52.30","52.20","2,000","104,500","2","51.90","1","53.80","1","21,990,000","57.40","47.00"
"6576","逸達","64.70","+0.30","64.80","64.80","63.70","52,000","3,340,200","45","64.40","1","64.70","1","154,822,247","71.10","58.30"
"6577","勁豐","88.90","-0.30","88.80","89.80","88.80","23,000","2,047,500","19","88.50","2","88.90","1","60,060,145","97.70","80.10"
"6578","達邦蛋白","17.00","+0.05","17.10","17.10","16.95","17,000","289,300","16","16.95","2","17.00","1","71,941,901","18.70","15.30"
"6584","南俊國際","118.00","-0.50","120.00","121.00","117.00","83,000","9,857,000","74","117.50","5","118.50","1","65,955,200","129.50","106.50"
"6588","東典光電","28.10","+0.05","27.75","29.20","27.75","92,000","2,607,650","63","28.05","1","28.50","2","34,700,825","30.90","25.30"
"6589","台康生技","61.50","-0.50","61.60","62.00","60.70","190,000","11,643,100","151","61.40","1","61.50","5","306,260,416","67.60","55.40"
"6590","普鴻","71.90","+1.10","71.70","71.90","71.70","5,000","359,100","5","70.70","1","71.90","1","21,765,250","79.00","64.80"
"6593","台灣銘板","46.55","+0.80","45.75","48.75","45.50","28,000","1,310,300","28","46.05","1","46.60","2","24,804,768","51.20","41.90"
"6596","寬宏藝術","91.00","+1.10","90.30","91.00","89.40","165,000","14,873,600","142","90.50","2","91.00","1","38,000,000","100.00","81.90"
"6603","富強鑫","16.45","+0.25","16.65","16.70","16.35","442,000","7,287,600","227","16.40","9","16.45","4","165,640,064","18.05","14.85"
"6609","瀧澤科","50.00","+1.00","50.80","51.60","49.65","343,000","17,339,050","271","49.95","3","50.40","3","72,456,246","55.00","45.00"
"6612","奈米醫材","109.00","-0.50","110.00","110.00","108.50","3,000","327,500","3","107.00","2","108.00","1","43,076,440","119.50","98.10"
"6613","朋億*","160.00","+1.00","163.00","163.50","159.50","161,000","26,024,500","141","159.50","5","160.00","9","77,801,485","176.00","144.00"
"6615","慧智","----","---","----","----","----","0","0","0","32.80","1","35.35","1","21,593,400","38.85","31.85"
"6616","特昇-KY","----","---","----","----","----","0","0","0","9.75","1","9.87","1","35,478,473","10.85","8.89"
"6617","共信-KY","82.90","-1.80","84.70","85.00","82.50","121,000","10,100,600","110","82.90","1","83.10","1","127,506,100","91.10","74.70"
"6624","萬年清","----","---","----","----","----","0","0","0","33.80","1","34.55","2","20,880,000","38.00","31.10"
"6629","泰金-KY","103.00","0.00","103.00","104.00","103.00","11,000","1,135,500","9","103.00","6","104.00","2","38,316,166","113.00","92.70"
"6637","醫影","73.00","+2.00","71.00","73.00","70.50","33,000","2,364,800","29","72.30","5","73.00","1","24,310,000","80.30","64.30"
"6640","均華","363.00","-1.00","379.50","386.00","363.00","318,000","118,011,000","311","362.00","1","363.50","1","28,276,500","399.00","327.00"
"6642","富致","55.20","+0.10","55.70","55.70","54.50","51,000","2,806,600","50","55.20","1","55.30","1","37,399,662","60.70","49.70"
"6643","M31","487.00","-5.00","500.00","500.00","480.50","634,000","309,296,000","583","486.50","6","488.00","1","41,799,660","535.00","438.50"
"6649","台生材","35.90","-0.55","36.45","36.70","35.90","26,000","943,450","26","35.90","1","36.00","1","42,000,000","39.45","32.35"
"6651","全宇昕","78.90","+1.30","78.00","79.00","77.70","129,000","10,122,000","109","78.50","2","78.90","2","34,601,541","86.70","71.10"
"6654","天正國際","64.20","+1.40","63.50","65.30","63.50","28,000","1,804,600","23","63.90","1","64.50","1","33,262,720","70.60","57.80"
"6661","威健生技","----","---","----","----","----","0","0","0","19.00","1","19.50","5","23,304,248","21.45","17.55"
"6662","樂斯科","----","---","----","----","----","0","0","0","33.10","1","34.00","1","25,612,400","36.70","30.10"
"6664","群翊","175.00","+1.50","176.00","178.50","174.50","289,000","50,922,000","223","175.00","1","176.00","4","60,356,934","192.50","157.50"
"6667","信紘科","174.50","0.00","174.50","180.00","174.50","829,000","146,142,500","694","174.00","9","175.00","7","46,178,878","191.50","157.50"
"6679","鈺太","210.50","+1.50","211.00","214.50","209.50","177,000","37,334,500","158","210.00","7","211.00","4","54,975,335","231.50","189.50"
"6680","鑫創電子","77.00","-0.90","77.90","78.50","77.00","3,000","233,400","3","76.10","1","77.90","6","23,697,600","84.70","69.30"
"6683","雍智科技","289.50","+4.50","286.50","294.50","283.50","491,000","142,210,500","436","289.00","4","289.50","2","27,388,161","318.00","261.00"
"6684","安格","40.60","0.00","40.90","41.30","40.30","89,000","3,633,450","69","40.60","1","40.80","1","44,598,728","44.65","36.55"
"6690","安碁資訊","181.00","+8.00","175.00","183.00","174.50","176,000","31,679,500","160","180.50","7","182.50","3","29,999,720","199.00","163.00"
"6692","進能服","36.60","-0.25","36.85","37.10","36.30","88,000","3,229,200","61","36.35","1","36.85","5","58,613,890","40.25","32.95"
"6693","廣閎科","60.90","+1.90","59.50","61.10","59.50","236,000","14,207,400","102","60.60","1","60.90","1","45,720,000","66.90","54.90"
"6697","東捷資訊","42.10","+0.80","41.80","42.10","41.70","12,000","502,300","12","41.65","1","42.30","2","27,323,364","46.30","37.90"
"6703","軒郁","129.50","+0.50","136.00","136.00","129.00","28,000","3,671,500","24","129.50","1","130.50","1","30,008,024","142.00","117.00"
"6708","天擎","40.00","-0.50","40.60","40.60","39.10","6,000","239,350","5","39.25","1","40.00","1","29,008,779","44.00","36.00"
"6712","長聖","167.00","-1.00","168.00","169.00","166.50","130,000","21,735,500","87","166.50","30","167.50","11","81,560,603","183.50","150.50"
"6716","應廣","52.00","-0.50","53.50","53.50","51.50","28,000","1,463,200","25","51.80","1","52.00","1","30,613,314","57.20","46.80"
"6720","久昌","137.00","+1.50","137.50","139.50","135.50","26,000","3,562,500","21","136.00","4","136.50","1","25,888,036","150.50","123.50"
"6721","信實","55.80","+0.20","56.10","56.10","55.80","15,000","840,100","9","55.80","1","56.80","1","22,500,000","61.30","50.30"
"6727","亞泰金屬","60.00","-0.20","60.80","60.80","59.30","12,000","719,200","11","59.20","1","60.00","1","26,884,177","66.00","54.00"
"6728","上洋","144.00","-3.00","147.00","147.00","144.00","37,000","5,378,000","32","144.00","13","145.50","1","30,110,000","158.00","130.00"
"6732","昇佳電子","176.50","-1.00","182.50","182.50","175.50","67,000","11,892,000","63","176.00","1","177.50","2","48,912,618","194.00","159.00"
"6733","博晟生醫","26.25","+0.05","26.60","26.60","26.00","55,000","1,436,300","31","26.15","2","26.20","15","124,256,026","28.85","23.65"
"6735","美達科技","44.70","-0.20","45.10","45.60","44.30","22,000","986,100","21","44.65","1","44.70","1","43,983,135","49.15","40.25"
"6739","竹陞科技","196.00","-6.50","203.50","205.00","195.00","84,000","16,778,000","78","196.00","1","197.00","1","23,261,250","215.50","176.50"
"6741","91APP*-KY","82.80","0.00","83.50","83.90","82.60","255,000","21,183,500","185","82.80","29","83.10","2","120,577,997","91.00","74.60"
"6747","亨泰光","135.00","+1.00","136.00","136.50","135.00","7,000","949,500","7","134.50","1","136.00","1","27,200,000","148.50","121.50"
"6751","智聯服務","47.90","+1.10","47.70","47.90","47.50","8,000","381,100","8","47.00","1","47.85","1","22,200,000","52.60","43.15"
"6752","叡揚","148.00","+4.50","144.50","154.00","144.50","2,645,000","396,173,000","2,309","148.00","5","148.50","27","35,380,140","162.50","133.50"
"6761","穩得","94.60","+0.10","94.70","95.30","94.50","128,000","12,140,700","116","94.60","2","94.80","1","31,614,088","104.00","85.20"
"6762","達亞","245.00","0.00","245.00","245.00","245.00","1,000","245,000","1","237.00","1","243.00","1","30,549,306","269.50","220.50"
"6763","綠界科技*","54.20","+0.70","54.50","54.90","53.60","568,000","30,826,500","351","54.10","8","54.20","3","184,039,130","59.60","48.80"
"6767","台微醫","28.45","+0.35","28.10","28.45","28.10","19,000","535,050","13","28.10","6","28.45","1","39,183,630","31.25","25.65"
"6785","昱展新藥","117.00","+1.50","117.00","118.00","116.50","38,000","4,452,000","35","117.00","3","117.50","1","66,800,000","128.50","105.50"
"6788","華景電","175.00","+2.00","175.00","178.50","173.50","346,000","60,736,500","300","174.50","3","175.00","5","38,739,683","192.50","157.50"
"6791","虎門科技","110.00","+4.50","106.50","111.00","106.50","42,000","4,578,500","40","108.00","1","110.50","2","20,847,000","121.00","99.00"
"6803","崑鼎","280.00","+0.50","281.00","281.50","280.00","32,000","8,975,000","32","280.00","10","281.50","1","72,373,475","308.00","252.00"
"6804","明係","23.90","+0.25","23.50","23.90","23.05","11,000","259,250","8","23.05","1","24.30","3","35,000,000","26.25","21.55"
"6811","宏碁資訊","225.50","+20.00","206.50","226.00","206.50","512,000","113,760,000","450","225.00","1","225.50","7","41,449,000","248.00","203.00"
"6821","聯寶","36.25","0.00","36.30","36.30","35.80","21,000","758,250","17","35.90","1","36.25","2","31,283,265","39.85","32.65"
"6823","濾能","----","---","----","----","----","0","0","0","38.75","1","39.80","1","27,738,475","43.70","35.80"
"6829","千附精密","120.50","-1.50","123.50","123.50","119.00","1,059,000","127,962,500","809","120.00","21","120.50","7","59,169,000","132.50","108.50"
"6840","東研信超","----","---","----","----","----","0","0","0","40.50","1","41.30","1","30,305,800","45.40","37.20"
"6841","長佳智能","67.10","0.00","67.30","67.90","67.00","148,000","9,961,400","115","67.00","6","67.20","9","97,240,250","73.80","60.40"
"6843","進典","53.30","+0.50","53.90","53.90","52.20","27,000","1,427,800","20","52.60","2","52.90","1","33,304,000","58.60","48.00"
"6844","諾貝兒","111.00","0.00","111.50","111.50","110.00","10,000","1,103,500","9","109.50","1","111.00","3","37,428,440","122.00","99.90"
"6846","綠茵","70.10","-0.80","71.80","71.80","69.50","15,000","1,053,800","14","69.80","1","70.30","1","28,593,700","77.10","63.10"
"6855","數泓科","139.00","+5.00","135.00","139.50","135.00","18,000","2,478,000","17","135.50","1","139.50","1","23,249,716","152.50","125.50"
"6856","鑫傳","----","---","----","----","----","0","0","0","55.10","1","57.90","1","28,200,000","62.40","51.20"
"6859","伯特光","137.50","-1.00","138.50","141.50","135.50","110,000","15,262,000","96","137.50","5","138.50","2","41,470,000","151.00","124.00"
"6865","偉康科技","82.00","-0.80","82.80","83.70","79.90","130,000","10,572,100","98","82.00","3","82.10","24","14,673,500","90.20","73.80"
"6870","騰雲","179.00","0.00","179.00","182.50","179.00","19,000","3,433,500","17","178.00","2","179.00","1","22,890,000","196.50","161.50"
"6872","浩宇生醫","23.70","0.00","24.10","24.10","23.70","38,000","906,000","26","23.65","5","23.80","1","70,698,011","26.05","21.35"
"6874","倍力","81.00","-0.60","80.90","82.60","80.60","19,000","1,542,200","15","80.70","1","81.20","1","22,000,000","89.10","72.90"
"6875","國邑*","47.30","+0.30","46.65","47.30","46.65","16,000","751,950","11","46.65","1","47.00","1","129,086,404","52.00","42.60"
"6877","鏵友益","80.00","+0.80","80.80","82.50","78.70","3,362,000","270,430,800","2,473","79.90","3","80.00","15","42,697,384","88.00","72.00"
"6881","潤德","217.00","-18.00","232.00","232.00","217.00","3,000","666,000","3","220.50","1","235.00","1","15,000,000","238.50","195.50"
"6894","衛司特","154.50","+4.50","153.00","154.50","152.00","15,000","2,298,500","15","153.00","1","155.00","2","23,800,000","169.50","139.50"
"6895","宏碩系統","108.00","-1.00","111.00","111.00","108.00","101,000","10,996,000","78","108.00","1","109.00","1","34,100,000","118.50","97.20"
"6899","創為精密","52.00","0.00","51.10","52.00","51.10","6,000","310,400","6","51.60","1","52.10","2","42,398,491","57.20","46.80"
"6903","巨漢","96.50","+0.70","96.80","97.00","95.80","20,000","1,930,900","19","96.20","2","96.50","1","66,676,000","106.00","86.90"
"6904","伯鑫","136.00","-4.00","139.00","139.00","134.00","12,000","1,636,000","12","135.00","2","139.00","1","18,500,000","149.50","122.50"
"6913","鴻呈","104.50","-2.50","109.00","109.00","104.00","90,000","9,574,000","71","104.50","3","105.50","1","41,716,536","114.50","94.10"
"6922","宸曜","156.50","-2.00","162.50","162.50","156.00","91,000","14,431,000","84","156.50","2","157.00","1","25,725,128","172.00","141.00"
"6929","佑全","32.00","0.00","32.00","32.00","32.00","1,000","32,000","1","30.95","1","32.00","2","44,967,500","35.20","28.80"
"6953","家碩","160.00","-1.50","160.00","160.00","160.00","1,000","160,000","1","159.50","1","160.00","2","30,014,600","176.00","144.00"
"6967","汎瑋材料","48.20","-1.00","49.00","50.60","48.20","90,000","4,405,900","71","48.15","1","48.20","1","24,904,477","53.00","43.40"
"6968","萬達寵物","59.70","-0.30","60.00","60.00","59.20","19,000","1,132,300","15","59.40","5","59.60","1","43,630,000","65.60","53.80"
"6982","大井泵浦","46.50","+0.10","46.45","47.65","46.30","24,000","1,121,150","24","46.50","1","47.25","1","40,349,100","51.10","41.85"
"6996","力領科技","161.00","除息","168.00","168.00","160.50","156,000","25,490,000","139","161.00","3","162.00","2","41,919,333","177.00","145.00"
"6997","博弘","107.00","+3.50","106.50","107.00","106.50","3,000","320,500","3","101.00","1","106.50","1","22,100,500","117.50","96.30"
"7402","邑錡","83.70","+0.70","84.10","84.70","83.10","677,000","56,741,900","505","83.60","1","83.70","1","35,229,421","92.00","75.40"
"7556","意德士","131.50","+2.00","133.00","135.00","131.50","24,000","3,208,500","23","131.50","2","133.00","1","25,256,822","144.50","118.50"
"7584","樂意","64.50","+0.40","65.30","65.30","64.10","8,000","515,700","8","64.20","1","64.80","2","16,462,808","70.90","58.10"
"7703","銳澤","128.00","+1.50","133.50","133.50","128.00","7,000","904,500","7","127.50","3","129.00","1","34,745,000","140.50","115.50"
"7704","明遠精密","59.50","+0.60","59.00","59.50","59.00","9,000","532,200","9","59.50","1","61.00","1","33,603,304","65.40","53.60"
"7708","全家餐飲","89.80","-0.70","89.60","90.00","89.50","6,000","538,300","6","89.80","2","91.00","3","25,500,000","98.70","80.90"
"7709","榮田","39.30","-0.05","39.60","39.60","38.65","30,000","1,172,750","16","39.35","1","39.50","2","39,102,740","43.20","35.40"
"7712","博盛半導體","110.50","0.00","113.00","113.00","110.00","14,000","1,563,000","14","110.00","1","110.50","1","32,561,873","121.50","99.50"
"7713","威力德生醫","57.70","-0.50","58.00","58.00","57.20","20,000","1,150,600","19","57.30","4","57.70","3","45,478,843","63.40","52.00"
"7714","創泓科技","111.00","+10.00","99.80","111.00","99.40","338,000","35,934,400","253","111.00","29","0.00","0","21,000,000","122.00","99.90"
"7715","裕山","42.85","-0.35","43.60","43.60","42.70","74,000","3,180,150","62","42.85","1","42.95","1","33,047,500","47.10","38.60"
"7718","友鋮","51.10","+0.70","49.25","52.90","49.25","243,000","12,510,550","105","51.00","1","51.40","3","46,356,484","56.20","46.00"
"7728","光焱科技","257.50","-10.50","266.50","268.50","257.50","92,000","24,153,000","90","256.50","1","260.50","1","13,854,080","283.00","232.00"
"7734","印能科技","986.00","+8.00","980.00","1,015.00","980.00","119,000","118,763,000","112","985.00","2","986.00","1","22,335,000","1,080.00","888.00"
"8024","佑華","12.95","+0.05","13.10","13.10","12.75","35,000","451,000","31","12.80","1","13.00","1","45,160,100","14.20","11.70"
"8027","鈦昇","73.30","-1.60","75.50","76.90","73.30","824,000","61,400,400","651","73.30","14","73.40","1","108,489,463","80.60","66.00"
"8032","光菱","41.50","0.00","41.60","42.45","41.10","116,000","4,844,950","100","41.50","5","41.65","2","51,810,300","45.65","37.35"
"8034","榮群","15.70","0.00","15.90","16.00","15.70","48,000","758,850","38","15.70","4","15.80","2","56,586,353","17.25","14.15"
"8038","長園科","19.70","+0.05","19.50","19.70","19.20","24,000","466,200","23","19.35","1","19.90","2","62,874,190","21.65","17.75"
"8040","九暘","50.90","+0.10","51.00","51.40","50.80","76,000","3,873,600","71","50.80","3","51.00","1","96,413,874","55.90","45.85"
"8042","金山電","29.65","+0.05","30.25","30.25","29.45","151,000","4,483,500","106","29.60","1","29.65","1","129,462,549","32.60","26.70"
"8043","蜜望實","24.30","+0.15","24.00","24.40","24.00","118,000","2,857,150","83","24.20","1","24.40","4","79,907,170","26.70","21.90"
"8044","網家","36.60","-0.35","36.95","37.35","36.55","353,000","12,992,700","269","36.60","15","37.00","1","205,647,065","40.25","32.95"
"8047","星雲","12.80","-0.20","13.20","13.20","12.65","44,000","565,900","38","12.70","2","12.85","3","41,666,343","14.05","11.55"
"8048","德勝","42.10","-0.70","42.90","42.90","41.60","143,000","6,005,600","85","41.90","1","42.10","1","57,783,752","46.30","37.90"
"8049","晶采","29.30","-0.10","29.40","29.50","29.30","22,000","645,950","20","29.30","4","29.35","1","118,279,808","32.20","26.40"
"8050","廣積","58.00","-0.40","58.40","58.60","58.00","168,000","9,797,900","130","58.00","2","58.20","1","206,177,035","63.80","52.20"
"8054","安國","70.50","-0.50","72.40","72.60","70.40","426,000","30,411,600","337","70.50","18","70.60","1","105,772,566","77.50","63.50"
"8059","凱碩","24.80","+2.25","24.80","24.80","24.80","232,000","5,753,600","104","24.80","133","0.00","0","193,441,750","27.25","22.35"
"8064","東捷","38.20","-0.45","39.50","40.60","36.90","14,117,000","541,804,600","9,076","38.00","2","38.20","35","164,817,836","42.00","34.40"
"8066","來思達","21.70","0.00","21.90","22.00","21.70","39,000","854,000","28","21.55","3","21.70","2","29,642,304","23.85","19.55"
"8067","志旭","14.55","+0.30","14.55","14.55","14.55","1,000","14,550","1","13.90","10","14.15","2","20,700,000","16.00","13.10"
"8068","全達","20.00","+0.30","20.10","20.10","19.70","85,000","1,691,150","60","20.00","2","20.05","5","80,765,949","22.00","18.00"
"8069","元太","239.50","+16.00","228.00","239.50","226.50","7,541,000","1,765,224,000","5,305","238.50","25","239.50","38","1,149,056,337","263.00","216.00"
"8071","能率網通","17.65","-0.15","17.95","18.25","17.65","508,000","9,098,000","343","17.65","4","17.70","2","60,084,283","19.40","15.90"
"8074","鉅橡","20.25","-0.65","20.80","20.80","20.20","37,000","755,450","33","20.15","1","20.30","1","80,974,466","22.25","18.25"
"8076","伍豐","25.00","0.00","25.15","25.25","24.95","242,000","6,058,550","134","24.95","2","25.00","6","301,452,592","27.50","22.50"
"8077","洛碁","38.00","-0.20","39.50","39.50","37.55","9,000","340,850","6","35.25","1","38.50","1","21,945,669","41.80","34.20"
"8080","泰霖","28.45","+0.45","28.00","28.45","28.00","4,000","112,450","3","28.00","1","28.60","2","63,163,821","31.25","25.65"
"8083","瑞穎","151.50","0.00","152.00","152.00","151.00","14,000","2,119,000","13","151.00","1","151.50","6","35,133,193","166.50","136.50"
"8084","巨虹","35.50","-0.45","36.70","36.70","35.40","36,000","1,283,100","35","35.60","2","35.80","1","69,514,149","39.05","31.95"
"8085","福華","19.20","-0.40","20.00","20.35","19.10","585,000","11,511,600","386","19.20","6","19.30","6","139,983,060","21.10","17.30"
"8086","宏捷科","72.60","-0.30","74.40","74.60","71.60","602,000","43,898,300","465","72.60","11","72.80","2","196,516,123","79.80","65.40"
"8087","麗升能源","40.70","-0.30","41.00","41.00","40.10","16,000","645,000","16","40.00","5","40.75","1","39,000,965","44.75","36.65"
"8088","品安","33.85","+0.10","34.00","34.70","32.30","43,114,000","1,448,769,400","22,652","33.80","12","33.85","32","60,921,749","37.20","30.50"
"8089","康全電訊","53.70","-1.80","56.00","56.00","53.50","509,000","27,789,300","400","53.70","2","53.90","9","58,665,527","59.00","48.35"
"8091","翔名","101.50","+0.50","102.00","102.00","101.00","123,000","12,478,500","101","101.00","6","102.00","15","52,760,114","111.50","91.40"
"8092","建暐","16.85","+1.10","15.80","17.20","15.80","190,000","3,167,150","138","16.85","1","16.90","1","57,172,325","18.50","15.20"
"8093","保銳","14.20","+0.10","14.55","14.55","14.20","28,000","398,350","11","14.25","1","14.45","1","60,945,945","15.60","12.80"
"8096","擎亞","52.50","-2.00","55.00","55.50","52.50","17,276,000","926,055,500","9,510","52.50","180","52.60","3","149,343,066","57.70","47.25"
"8097","常珵","71.20","+0.80","71.00","71.50","70.70","184,000","13,091,900","107","71.00","8","71.30","2","66,064,468","78.30","64.10"
"8099","大世科","73.10","+2.20","71.50","73.40","71.10","138,000","9,977,500","118","72.80","1","73.20","1","88,560,000","80.40","65.80"
"8107","大億金茂","20.25","+1.80","18.50","20.25","18.50","1,194,000","23,974,300","679","20.25","67","0.00","0","75,000,000","22.25","18.25"
"8109","博大","80.90","-0.20","80.50","81.10","80.50","9,000","727,000","9","80.70","2","81.00","1","82,161,236","88.90","72.90"
"8111","立碁","39.50","-0.60","40.65","40.70","39.10","6,063,000","241,934,800","3,563","39.45","19","39.50","71","109,102,223","43.45","35.55"
"8121","越峰","18.05","0.00","17.95","18.25","17.95","104,000","1,879,100","68","18.05","211","18.10","10","212,993,743","19.85","16.25"
"8147","正淩","85.20","-0.40","85.80","87.10","85.20","93,000","7,998,800","78","85.20","1","86.20","1","40,539,252","93.70","76.70"
"8155","博智","111.00","+3.00","112.00","116.50","110.50","3,807,000","429,350,000","2,568","111.00","11","111.50","17","55,980,550","122.00","99.90"
"8171","天宇","35.90","-1.00","37.20","37.50","35.70","561,000","20,492,050","275","35.90","2","36.05","3","77,464,282","39.45","32.35"
"8176","智捷","10.60","+0.10","10.50","11.10","10.45","539,000","5,749,650","186","10.55","69","10.60","1","71,701,000","11.65","9.54"
"8182","加高","29.75","+0.25","29.55","29.90","29.55","29,000","862,200","25","29.70","2","29.90","6","107,041,215","32.70","26.80"
"8183","精星","30.15","-0.05","30.60","30.90","30.00","240,000","7,309,600","187","30.10","7","30.15","1","121,251,068","33.15","27.15"
"8227","巨有科技","128.00","+1.00","127.00","130.00","126.00","152,000","19,435,500","128","127.50","3","128.00","3","39,543,000","140.50","115.50"
"8234","新漢","70.70","+0.40","71.40","72.20","70.00","1,340,000","95,136,900","939","70.60","27","70.70","40","141,226,472","77.70","63.70"
"8240","華宏","31.80","-0.35","32.30","32.45","31.60","90,000","2,877,600","57","31.80","1","32.00","2","100,004,414","34.95","28.65"
"8255","朋程","126.50","0.00","128.50","129.00","126.00","159,000","20,207,500","129","126.50","2","127.00","7","101,783,480","139.00","114.00"
"8272","全景軟體","76.00","0.00","75.60","76.90","75.60","18,000","1,373,800","17","76.00","1","76.70","1","18,997,755","83.60","68.40"
"8277","商丞","9.98","0.00","9.97","10.30","9.82","142,000","1,418,010","80","9.92","1","9.98","1","91,628,833","10.95","8.99"
"8279","生展","123.00","-0.50","120.00","123.00","120.00","5,000","606,000","5","123.00","2","123.50","2","27,100,851","135.00","111.00"
"8284","三竹","67.30","-0.20","67.50","67.50","67.30","9,000","607,300","8","67.30","1","67.50","1","46,342,000","74.00","60.60"
"8289","泰藝","20.05","+1.05","19.00","20.25","19.00","127,000","2,477,600","67","19.85","4","20.05","1","68,333,765","22.05","18.05"
"8291","尚茂","4.35","-0.15","4.49","4.49","4.21","45,000","196,810","22","4.35","1","4.48","3","64,735,000","4.78","3.92"
"8299","群聯","435.50","+1.00","438.50","443.00","430.50","2,007,000","878,356,000","1,661","435.50","7","437.00","7","206,132,328","479.00","392.00"
"8342","益張","----","---","----","----","----","0","0","0","80.40","1","82.50","1","33,536,692","90.20","73.80"
"8349","恒耀","51.50","+0.40","51.20","51.50","51.10","92,000","4,725,100","77","51.20","3","51.50","2","189,613,164","56.60","46.35"
"8349A","恒耀甲特","48.10","0.00","48.10","48.10","48.05","6,000","288,550","5","48.10","4","48.65","2","10,000,000","52.90","43.30"
"8354","冠好","14.70","+0.10","14.70","14.90","14.70","8,000","118,100","7","14.70","21","14.75","1","78,532,263","16.15","13.25"
"8358","金居","45.60","-0.30","46.30","46.40","45.60","674,000","31,017,850","447","45.60","13","45.70","4","252,588,000","50.10","41.05"
"8383","千附","44.40","-0.20","44.90","45.15","44.10","591,000","26,405,300","442","44.40","4","44.50","1","113,760,482","48.80","40.00"
"8390","金益鼎","66.70","-0.80","67.40","70.20","65.50","14,692,000","999,184,800","9,855","66.70","34","66.80","1","96,116,128","73.30","60.10"
"8401","白紗科","27.05","-0.15","27.30","27.40","26.90","126,000","3,419,450","60","26.90","5","27.05","3","66,045,848","29.75","24.35"
"8403","盛弘","27.05","-0.05","26.95","27.10","26.95","22,000","594,400","19","27.05","1","27.10","2","131,086,041","29.75","24.35"
"8409","商之器","21.10","-0.35","20.40","21.10","20.40","3,000","62,500","3","21.00","1","21.30","2","32,000,000","23.20","19.00"
"8410","森田","60.50","+0.30","60.70","60.70","59.70","17,000","1,025,900","15","60.30","1","60.50","2","36,589,200","66.50","54.50"
"8415","大國鋼","33.95","+0.10","33.80","34.20","33.75","227,000","7,716,600","149","33.95","1","34.05","1","1,031,500,000","37.30","30.60"
"8416","實威","154.50","0.00","156.00","156.00","154.50","6,000","931,000","6","154.50","1","156.00","2","28,210,710","169.50","139.50"
"8421","旭源","11.80","0.00","11.70","12.05","11.70","6,000","70,800","6","11.75","3","11.85","1","54,817,140","12.95","10.65"
"8423","保綠-KY","18.20","-0.05","18.05","19.65","18.00","50,000","926,550","37","18.20","2","19.40","1","40,499,058","20.00","16.40"
"8424","惠普","70.50","+0.50","70.50","70.50","70.50","14,000","987,000","13","70.40","1","71.00","3","36,054,368","77.50","63.50"
"8426","紅木-KY","34.75","-0.10","34.65","34.75","34.65","4,000","138,900","4","34.60","2","34.85","5","50,242,500","38.20","31.30"
"8431","匯鑽科","54.20","+0.30","53.60","54.50","52.70","159,000","8,585,800","138","54.00","1","54.20","3","44,391,482","59.60","48.80"
"8432","東生華","47.10","+0.30","47.50","47.50","46.60","24,000","1,126,450","21","46.95","1","47.10","1","38,398,140","51.80","42.40"
"8433","弘帆","84.60","+0.10","85.50","88.00","84.40","728,000","62,162,300","412","84.50","10","84.60","1","54,428,601","85.90","70.40"
"8435","鉅邁","71.00","+0.10","71.00","71.10","70.90","13,000","923,100","13","71.00","4","71.10","1","31,700,450","78.10","63.90"
"8436","大江","145.00","+1.50","144.50","147.00","142.50","769,000","111,413,500","678","145.00","2","146.00","7","118,260,830","159.50","130.50"
"8437","大地-KY","22.25","+0.30","21.90","22.50","21.75","15,000","332,050","13","22.25","4","22.30","2","47,851,070","24.45","20.05"
"8440","綠電","34.85","-0.10","36.40","36.65","34.85","95,000","3,348,750","79","34.85","2","35.00","1","43,700,259","38.30","31.40"
"8444","綠河-KY","17.95","-0.30","18.50","18.80","17.95","25,000","456,400","24","17.90","1","18.10","1","110,466,845","19.70","16.20"
"8446","華研","95.30","-0.70","96.10","96.10","94.70","158,000","15,028,200","142","95.00","2","95.40","2","52,914,405","104.50","85.80"
"8450","霹靂","17.75","+0.15","17.80","17.80","17.60","12,000","212,500","12","17.70","1","17.75","1","51,309,947","19.50","16.00"
"8455","大拓-KY","22.35","+0.35","22.35","22.35","22.35","1,000","22,350","1","20.50","2","21.95","1","25,219,056","24.55","20.15"
"8472","夠麻吉","25.35","-0.65","25.50","25.50","25.35","4,000","101,850","2","25.50","1","25.90","1","17,735,800","27.85","22.85"
"8477","創業家","13.25","-0.20","13.10","13.55","12.85","57,000","747,100","46","12.90","3","13.25","3","64,170,616","14.55","11.95"
"8489","三貝德","30.80","+0.40","30.40","30.80","30.25","41,000","1,252,200","36","30.80","1","30.85","1","37,361,414","33.85","27.75"
"8905","裕國","32.00","+0.60","31.45","32.15","31.40","74,000","2,363,300","46","31.75","1","32.00","1","119,440,000","35.20","28.80"
"8906","花王","24.65","-0.20","24.20","25.20","24.20","50,000","1,230,800","25","24.40","4","24.55","1","44,037,370","27.10","22.20"
"8908","欣雄","41.15","-0.30","41.10","41.20","41.10","9,000","370,350","8","41.10","2","41.25","1","306,148,293","45.25","37.05"
"8916","光隆","51.30","-0.10","51.40","51.40","51.00","68,000","3,480,800","56","51.20","2","51.30","3","151,128,707","56.40","46.20"
"8917","欣泰","59.90","-0.40","60.20","60.20","59.90","6,000","360,300","5","59.80","2","60.20","1","162,652,459","65.80","54.00"
"8921","沈氏","20.35","-0.30","19.90","20.35","19.75","47,000","937,450","20","20.00","3","20.35","2","46,592,159","22.35","18.35"
"8923","時報","19.60","-0.25","19.60","19.85","19.60","7,000","137,450","5","19.55","7","19.90","1","30,375,800","21.55","17.65"
"8924","大田","62.20","0.00","63.30","63.40","62.20","185,000","11,573,600","33","62.10","1","62.20","18","83,800,000","68.40","56.00"
"8927","北基","45.20","+0.05","45.50","45.60","43.65","858,000","38,284,950","533","44.95","7","45.20","8","369,313,491","49.70","40.70"
"8928","鉅明","29.90","-0.30","30.30","30.30","29.90","27,000","808,600","11","29.90","3","29.95","1","50,854,015","32.85","26.95"
"8929","富堡","18.10","+0.20","18.00","18.25","18.00","17,000","307,050","7","17.90","2","18.00","1","50,580,862","19.90","16.30"
"8930","青鋼","30.90","0.00","30.90","31.05","30.75","63,000","1,947,400","42","30.85","1","30.90","2","81,809,406","33.95","27.85"
"8931","大汽電","43.75","+0.35","43.40","44.25","42.85","62,000","2,682,250","36","43.40","2","43.75","1","122,254,862","48.10","39.40"
"8932","智通*","90.10","+0.60","89.90","90.40","88.40","186,000","16,662,600","128","90.00","2","90.10","1","165,179,262","99.10","81.10"
"8933","愛地雅","6.75","0.00","6.76","6.77","6.73","49,000","330,750","38","6.75","3","6.77","20","326,724,305","7.42","6.08"
"8935","邦泰","14.10","-0.20","14.30","14.40","13.80","47,000","658,000","28","13.90","3","14.05","1","113,495,000","15.50","12.70"
"8936","國統","57.00","+0.60","56.30","57.00","55.70","2,828,000","160,075,600","937","56.40","1","57.00","62","248,078,157","62.70","51.30"
"8937","合騏","131.00","-3.50","133.50","133.50","130.00","163,000","21,444,500","127","131.00","3","131.50","2","102,320,068","144.00","118.00"
"8938","明安","65.80","+0.50","65.50","66.10","65.30","186,000","12,222,700","133","65.80","1","65.90","2","155,249,904","72.30","59.30"
"8941","關中","51.70","-0.10","51.90","51.90","51.50","7,000","361,200","5","51.50","3","51.70","1","34,972,071","56.80","46.55"
"8942","森鉅","49.30","+0.30","49.40","49.65","49.20","139,000","6,865,100","110","49.25","2","49.35","2","198,842,255","54.20","44.40"
"9949","琉園","18.60","-0.20","18.90","19.50","18.60","45,000","846,400","31","18.55","2","18.70","5","44,033,360","20.45","16.75"
"9950","萬國通","11.65","-0.05","11.70","11.70","11.65","17,000","198,450","12","11.65","4","11.70","2","167,716,000","12.80","10.50"
"9951","皇田","50.80","+1.95","49.10","51.00","49.00","154,000","7,688,100","101","50.10","15","50.80","1","74,900,000","55.80","45.75"
"9960","邁達康","24.60","0.00","24.60","24.60","24.60","1,000","24,600","1","24.50","1","24.60","1","33,592,500","27.05","22.15"
"9962","有益","12.90","-0.05","13.05","13.05","12.90","16,000","206,850","7","12.90","3","12.95","1","90,220,260","14.15","11.65"
"020001","富邦存股雙十N","----","---","----","----","----","0","0","0","10.96","50","11.00","50","40,000,000","12.10","9.90"
"020023","元大櫃買半導體N","4.71","-0.06","4.79","4.79","4.71","13,000","61,670","9","4.71","400","4.72","400","200,000,000","5.18","4.24"
"020025","統一亞洲半導體N","----","---","----","----","----","0","0","0","8.99","411","9.04","339","200,000,000","9,999.95","0.01"
"020027","元大上櫃ESG成長N","4.65","+0.05","4.63","4.68","4.63","220,000","1,026,200","44","4.64","400","4.65","400","400,000,000","5.11","4.19"
"020033","統一恒生科期N","4.09","-0.07","4.18","4.18","4.09","12,000","49,360","6","4.07","267","4.11","248","200,000,000","9,999.95","0.01"
"020035","元大上櫃ESG高息N","----","---","----","----","----","0","0","0","5.83","499","5.84","499","200,000,000","6.41","5.25"
"020040","元大上櫃ESG龍頭N","4.41","+0.07","4.37","4.41","4.37","16,000","70,370","13","4.39","400","4.40","400","200,000,000","4.85","3.97"
"020041","兆豐半導體氣候N","4.70","+0.09","4.70","4.70","4.70","1,000","4,700","1","4.62","321","4.63","301","40,000,000","5.17","4.23"
"共955筆"
"ETF證券代號第六碼為K、C者，表示該ETF以外幣交易，其一交易單位(張)應為100受益權或其整倍數，請詳其公開說明書。"